0 0
0.005534052694977914 5.00250125062531303
0.0110520270545400763 10.0050025012506261
0.0165542700849795749 15.0075037518759391
0.0220411198835304724 20.0100050025012521
0.0275124178750260247 25.0125062531265669
0.0329689372679461204 30.0150075037518782
0.0384110312421226605 35.0175087543771895
0.0438388482829988324 40.0200100050025043
0.0492524557089034296 45.0225112556278191
0.0546525391578703557 50.0250125062531339
0.0600393828202253829 55.0275137568784416
0.0654127345785454062 60.0300150075037564
0.0707733724732651087 65.0325162581290641
0.0761215911313591065 70.0350175087543789
0.0814571802223721803 75.0375187593796937
0.0867807713455654856 80.0400200100050085
0.0920927092754448284 85.0425212606303234
0.0973927346861655358 90.0450225112556382
0.102681524549848954 95.047523761880953
0.107959336673606368 100.050025012506268
0.113225910954253772 105.052526263131568
0.118482003612091422 110.055027513756883
0.123727615873994515 115.057528764382198
0.128962825213053772 120.060030015007513
0.134188194071899358 125.062531265632828
0.139403488891488042 130.065032516258128
0.144609226418375647 135.067533766883457
0.149805580243605768 140.070035017508758
0.154992479357305757 145.072536268134087
0.160170523415220811 150.075037518759387
0.165339449536313521 155.077538769384716
0.170499787096195038 160.080040020010017
0.175651579043675288 165.082541270635318
0.180794929106984331 170.085042521260647
0.185930257852559067 175.087543771885947
0.191057312554557102 180.090045022511276
0.196176733539614845 185.092546273136577
0.201288251985173694 190.095047523761906
0.20639236490844351 195.097548774387207
0.211489015525835544 200.100050025012536
0.216578450090086694 205.102551275637836
0.221660826919149151 210.105052526263137
0.226736190060888854 215.107553776888466
0.231804867457432839 220.110055027513766
0.236866744371953125 225.112556278139095
0.241922277821535248 230.115057528764396
0.246971232936566087 235.117558779389725
0.252014159829505424 240.120060030015026
0.25705073773025422 245.122561280640326
0.262081552439192567 250.125062531265655
0.267106304408134487 255.127563781890956
0.272125517783007698 260.130065032516256
0.277138943843944996 265.132566283141614
0.282147054358377281 270.135067533766914
0.287149633594882658 275.137568784392215
0.292147122803160908 280.140070035017516
0.297139319296138682 285.142571285642816
0.302126652567528409 290.145072536268174
0.307108915988791753 295.147573786893474
0.312086543205974731 300.150075037518775
0.317059309384517041 305.152576288144076
0.322027663958440236 310.155077538769433
0.326991357070366806 315.157578789394734
0.331950834510286896 320.160080040020034
0.336905889656699709 325.162581290645335
0.341856893901567371 330.165082541270635
0.346803711871161158 335.167583791895993
0.351746634779728284 340.170085042521293
0.3566856036014589 345.172586293146594
0.361620825413066727 350.175087543771895
0.366552320889524719 355.177588794397252
0.371480210664240917 360.180090045022553
0.376404596879513609 365.182591295647853
0.381325512918636422 370.185092546273154
0.386243142721959976 375.187593796898454
0.391157432969853613 380.190095047523812
0.396068648436279758 385.192596298149112
0.400976650864455331 390.195097548774413
0.405881745045085451 395.197598799399714
0.410783826708005062 400.200100050025071
0.415683116100294292 405.202601300650372
0.420579601434312167 410.205102551275672
0.425473400892578624 415.207603801900973
0.430364597539706073 420.210105052526274
0.435253213147603013 425.212606303151631
0.440139419784059127 430.215107553776932
0.445023149169654908 435.217608804402232
0.449904629311371651 440.220110055027533
0.454783788497482577 445.222611305652833
0.45966080866199549 450.225112556278191
0.464535694530708199 455.227613806903491
0.46940853268275029 460.230115057528792
0.47427941512825561 465.232616308154093
0.479148341766073627 470.23511755877945
0.484015478219990247 475.237618809404751
0.488880761595048452 480.240120060030051
0.493744374485631243 485.242621310655352
0.498606303678930107 490.245122561280652
0.503466646098334469 495.24762381190601
0.508325465865075876 500.250125062531311
0.513182784291723038 505.252626313156611
0.518038731324304669 510.255127563781912
0.522893267350960644 515.257628814407212
0.5277465443513365 520.260130065032513
0.532598561071565557 525.262631315657814
0.537449399062516431 530.265132566283228
0.542299119198302315 535.267633816908528
0.547147743325910318 540.270135067533829
0.551995378930100422 545.27263631815913
0.556842013572501959 550.27513756878443
0.561687759012218124 555.277638819409731
0.566532635190164835 560.280140070035031
0.571376701845485169 565.282641320660332
0.576220022900790663 570.285142571285633
0.581062616913732177 575.287643821911047
0.585904573144833685 580.290145072536347
0.590745903563930419 585.292646323161648
0.595586683828525532 590.295147573786949
0.600426951345278126 595.297648824412249
0.605266749486860212 600.30015007503755
0.6101061403340311 605.30265132566285
0.614945145512841962 610.305152576288151
0.619783834832666636 615.307653826913452
0.624622238283894404 620.310155077538866
0.629460407114320497 625.312656328164167
0.634298385454426739 630.315157578789467
0.639136211935066423 635.317658829414768
0.643973935754588278 640.320160080040068
0.648811594306800243 645.322661330665369
0.653649232521451795 650.32516258129067
0.658486891195252944 655.32766383191597
0.663324611733492886 660.330165082541271
0.668162431773076215 665.332666333166685
0.673000398669703404 670.335167583791986
0.677838542027660806 675.337668834417286
0.682676911174598611 680.340170085042587
0.687515537459780557 685.342671335667887
0.69235445988688582 690.345172586293188
0.697193723937937215 695.347673836918489
0.702033349751221225 700.350175087543789
0.706873401604943719 705.35267633816909
0.711713888583058507 710.355177588794504
0.716554863929573793 715.357678839419805
0.72139635836088789 720.360180090045105
0.726238397905303645 725.362681340670406
0.731081042813127802 730.365182591295707
0.735924292632215815 735.367683841921007
0.740768219476348411 740.370185092546308
0.745612826213843727 745.372686343171608
0.750458159875454167 750.375187593796909
0.755304258817107277 755.377688844422323
0.760151129696929218 760.380190095047624
0.764998853171131032 765.382691345672924
0.769847406317937799 770.385192596298225
0.774696866414657737 775.387693846923526
0.779547235160213403 780.390195097548826
0.784398550253451954 785.392696348174127
0.789250859905031521 790.395197598799427
0.794104151111785561 795.397698849424728
0.798958524290671823 800.400200100050142
0.803813935181401873 805.402701350675443
0.8086704669916428 810.405202601300743
0.813528118498091812 815.407703851926044
0.818386921756618979 820.410205102551345
0.823246930112363939 825.412706353176645
0.82810811754132263 830.415207603801946
0.832970596533981644 835.417708854427246
0.837834306035712295 840.420210105052547
0.842699339671470815 845.422711355677848
0.847565684160013877 850.425212606303262
0.852433376953393274 855.427713856928563
0.857302464390294672 860.430215107553863
0.86217292144529134 865.432716358179164
0.867044857559085225 870.435217608804464
0.871918203055960239 875.437718859429765
0.876793070305254663 880.440220110055066
0.881669417192196048 885.442721360680366
0.886547305180990119 890.445222611305667
0.891426753859909438 895.447723861931081
0.896307760755061245 900.450225112556382
0.901190409584336161 905.452726363181682
0.906074633925685768 910.455227613806983
0.910960577057393084 915.457728864432283
0.915848143607901566 920.460230115057584
0.920737445232366891 925.462731365682885
0.925628447469233451 930.465232616308185
0.930521199415410338 935.467733866933486
0.935415728941397351 940.4702351175589
0.940312021353981842 945.472736368184201
0.945210167942438284 950.475237618809501
0.950110089322352747 955.477738869434802
0.955011940960833972 960.480240120060103
0.959915606702035462 965.482741370685403
0.964821221136839768 970.485242621310704
0.969728718966868297 975.487743871936004
0.974638178341199812 980.490245122561305
0.979549591974241407 985.492746373186719
0.984462979251328085 990.49524762381202
0.98937839075795786 995.49774887443732
0.994295787425063193 1000.50025012506262
0.999215277270191771 1005.50275137568792
1.00413676337209812 1010.50525262631322
1.0090604104517773 1015.50775387693852
1.01398608477979657 1020.51025512756382
1.01891394630031296 1025.51275637818912
1.02384389171828327 1030.51525762881442
1.02877603793616323 1035.51775887943973
1.03371032958008091 1040.52026013006503
1.03864683566644467 1045.52276138069033
1.04358554722387287 1050.52526263131563
1.04852648704707052 1055.52776388194115
1.05346969078935038 1060.53026513256646
1.05841513694294043 1065.53276638319176
1.06336290375647358 1070.53526763381706
1.06831292758633856 1075.53776888444236
1.07326532700298327 1080.54027013506766
1.07821999863361428 1085.54277138569296
1.08317709886022007 1090.54527263631826
1.08813648722021061 1095.54777388694356
1.09309835516733056 1100.55027513756886
1.09806253730062564 1105.55277638819416
1.10302922932390546 1110.55527763881946
1.107998275628024 1115.55777888944476
1.11296985234112511 1120.56028014007006
1.11794382661410086 1125.56278139069536
1.12292035289145864 1130.56528264132066
1.12789931772944585 1135.56778389194596
1.13288085735697308 1140.57028514257127
1.13786487417958604 1145.57278639319679
1.14285148987630758 1150.57528764382209
1.14784061895128131 1155.57778889444739
1.15283237239035552 1160.58029014507269
1.1578266728575497 1165.582791395698
1.16282362468670919 1170.5852926463233
1.16782315458147923 1175.5877938969486
1.17282536444290608 1180.5902951475739
1.17783018071886092 1185.5927963981992
1.18283770726852189 1190.5952976488245
1.18784786581968693 1195.5977988994498
1.19286076674615171 1200.6003001500751
1.19787632242856557 1205.6028014007004
1.20289465447132016 1210.6053026513257
1.20791566112407178 1215.607803901951
1.21293948009135333 1220.6103051525763
1.21796599055708876 1225.6128064032016
1.22299535134325499 1230.6153076538269
1.22802741748816424 1235.61780890445243
1.23306237409061636 1240.62031015507773
1.23810004682391828 1245.62281140570303
1.24314065235959403 1250.62531265632833
1.24818399491760545 1255.62781390695363
1.25323028837399031 1260.63031515757893
1.25827935791462076 1265.63281640820423
1.26333138258946076 1270.63531765882954
1.26838623013568808 1275.63781890945484
1.2734440337268853 1280.64032016008014
1.27850470947457695 1285.64282141070544
1.28356833880492105 1290.64532266133074
1.28863489213760052 1295.64782391195604
1.29370439317177355 1300.65032516258134
1.29877687267503039 1305.65282641320664
1.30385229053620511 1310.65532766383194
1.30893074401176657 1315.65782891445724
1.31401212299780723 1320.66033016508254
1.31909659747727548 1325.66283141570784
1.3241839931457795 1330.66533266633337
1.32927452283483416 1335.66783391695867
1.33436800889819418 1340.67033516758397
1.33946460831008785 1345.67283641820927
1.34456422996175418 1350.67533766883457
1.34966694061895476 1355.67783891945987
1.35477274232690936 1360.68034017008517
1.35988160499488941 1365.68284142071047
1.36499363051405265 1370.68534267133577
1.37010868521552687 1375.68784392196108
1.37522697759988954 1380.69034517258638
1.38034831406015468 1385.69284642321168
1.38547286524321578 1390.69534767383698
1.39060053227949409 1395.69784892446228
1.39573137371012379 1400.70035017508758
1.40086541269915066 1405.70285142571288
1.4060025818986488 1410.70535267633818
1.41114303355579351 1415.70785392696348
1.4162866025921157 1420.71035517758901
1.42143347175315715 1425.71285642821431
1.42658351382278381 1430.71535767883961
1.43173680288539118 1435.71785892946491
1.43689335711856425 1440.72036018009021
1.4420531012599096 1445.72286143071551
1.44721620616228819 1450.72536268134081
1.45238249823276266 1455.72786393196611
1.4575521333826571 1460.73036518259141
1.46272503331873938 1465.73286643321671
1.467901209975919 1470.73536768384201
1.47308075478398237 1475.73786893446731
1.47826353457056126 1480.74037018509262
1.48344973202319896 1485.74287143571792
1.4886392117263445 1490.74537268634322
1.49383203325019376 1495.74787393696852
1.49902824843425853 1500.75037518759382
1.50422774478213439 1505.75287643821912
1.50943071117995853 1510.75537768884465
1.5146369959800654 1515.75787893946995
1.51984666531719737 1520.76038019009525
1.52505977274651672 1525.76288144072055
1.53027620595106373 1530.76538269134585
1.53549613877694591 1535.76788394197115
1.5407194455838813 1540.77038519259645
1.54594615668152557 1545.77288644322175
1.55117636993266039 1550.77538769384705
1.55640995204597554 1555.77788894447235
1.56164704001582355 1560.78039019509765
1.56688757762032416 1565.78289144572295
1.57213151581088728 1570.78539269634825
1.57737904046312272 1575.78789394697355
1.58262997558772534 1580.79039519759885
1.58788439902357781 1585.79289644822416
1.5931423683856647 1590.79539769884946
1.5984037726030389 1595.79789894947476
1.60366874467088194 1600.80040020010028
1.60893722924135552 1605.80290145072559
1.61420917256087804 1610.80540270135089
1.6194847549518161 1615.80790395197619
1.62476382368795758 1620.81040520260149
1.63004640428408165 1625.81290645322679
1.63533262733736073 1630.81540770385209
1.64062234768489157 1635.81790895447739
1.64591563665934171 1640.82041020510269
1.65121255467050365 1645.82291145572799
1.65651299259270801 1650.82541270635329
1.66181704732641711 1655.82791395697859
1.66712472526401889 1660.83041520760389
1.67243594527031014 1665.83291645822919
1.6777508215970085 1670.83541770885449
1.68306932299604251 1675.83791895947979
1.68839138816998768 1680.84042021010509
1.69371714041402388 1685.84292146073039
1.69904652740351469 1690.8454227113557
1.70437949943032452 1695.84792396198122
1.70971618044345997 1700.85042521260652
1.71505651377353519 1705.85292646323182
1.72040045296703914 1710.85542771385713
1.72574811416424523 1715.85792896448243
1.73109945323270398 1720.86043021510773
1.73645441856181559 1725.86293146573303
1.74181310995611227 1730.86543271635833
1.74717551283449279 1735.86793396698363
1.7525415619491771 1740.87043521760893
1.75791133218553641 1745.87293646823423
1.76328485564469606 1750.87543771885953
1.76866204490145318 1755.87793896948483
1.77404294128980355 1760.88044022011013
1.77942764082502181 1765.88294147073543
1.78481602531188854 1770.88544272136073
1.79020810134604691 1775.88794397198603
1.79560402371485828 1780.89044522261133
1.80100365727594647 1785.89294647323686
1.80640700101281149 1790.89544772386216
1.81181415591127015 1795.89794897448746
1.81722509117084341 1800.90045022511276
1.82263975484319896 1805.90295147573806
1.82805818534726283 1810.90545272636336
1.8334804737333632 1815.90795397698867
1.83890650838458347 1820.91045522761397
1.84433629548872813 1825.91295647823927
1.84976994813599105 1830.91545772886457
1.85520740364312919 1835.91795897948987
1.86064862895809835 1840.92046023011517
1.86609365406141081 1845.92296148074047
1.87154257915784994 1850.92546273136577
1.8769952910474843 1855.92796398199107
1.88245179564458498 1860.93046523261637
1.88791217007307943 1865.93296648324167
1.89337641578628491 1870.93546773386697
1.89884447071381413 1875.9379689844925
1.90431634061860033 1880.9404702351178
1.9097921339018451 1885.9429714857431
1.91527178496063 1890.9454727363684
1.92075526703540733 1895.9479739869937
1.92624258574049567 1900.950475237619
1.93173386481368503 1905.9529764882443
1.937229003446854 1910.9554777388696
1.9427279942911968 1915.9579789894949
1.94823084281514181 1920.96048024012021
1.95373767209820204 1925.96298149074551
1.95924837809268992 1930.96548274137081
1.96476295689987923 1935.96798399199611
1.97028141384503064 1940.97048524262141
1.97580385531920855 1945.97298649324671
1.98133020607720423 1950.97548774387201
1.98686044966846254 1955.97798899449731
1.99239459127778962 1960.98049024512261
1.99793270455981964 1965.98299149574791
2.00347477515487027 1970.98549274637344
2.00902075803530744 1975.98799399699874
2.01457065824818837 1980.99049524762404
2.02012450066211224 1985.99299649824934
2.02568236389419942 1990.99549774887464
2.03124415830772964 1995.99799899949994
2.03680988881469327 2001.00050025012524
2.04237956029454404 2006.00300150075054
2.04795324191101047 2011.00550275137584
2.05353091789422537 2016.00800400200114
2.05911254819065936 2021.01050525262644
2.06469813754793252 2026.01300650325175
2.07028769068179352 2031.01550775387705
2.07588129553139789 2036.01800900450235
2.08147889297020905 2041.02051025512765
2.08708046703125394 2046.02301150575295
2.09268602230165968 2051.02551275637825
2.09829556333735834 2056.02801400700355
2.10390917134888111 2061.03051525762885
2.10952679486097727 2066.03301650825415
2.11514841650306851 2071.03551775887945
2.12077404070565168 2076.03801900950475
2.12640367186870893 2081.04052026013005
2.1320373590208832 2086.04302151075535
2.13767510925269288 2091.04552276138065
2.14331687834222828 2096.04802401200595
2.14896267056719825 2101.05052526263125
2.15461249017547063 2106.05302651325701
2.16026634138519569 2111.05552776388231
2.16592430238303013 2116.05802901450761
2.17158631494932841 2121.06053026513291
2.17725237047068854 2126.06303151575821
2.18292247304667519 2131.06553276638351
2.1885966267478123 2136.06803401700881
2.19427483561570513 2141.07053526763411
2.19995716997655988 2146.07303651825941
2.20564358036238994 2151.07553776888471
2.21133405674316297 2156.07803901951002
2.21702860304554061 2161.08054027013532
2.22272722316794491 2166.08304152076062
2.22842992098067683 2171.08554277138592
2.23413672212044778 2176.08804402201122
2.23984765956516307 2181.09054527263652
2.24556268502078238 2186.09304652326182
2.25128180224625707 2191.09554777388712
2.25700501497308847 2196.09804902451242
2.262732326905458 2201.10055027513772
2.26846374172034082 2206.10305152576302
2.27419927011284928 2211.10555277638832
2.27993896685646202 2216.10805402701362
2.28568277623232419 2221.11055527763892
2.29143070181013986 2226.11305652826422
2.29718274713307702 2231.11555777888952
2.302938915717891 2236.11805902951482
2.3086992110550475 2241.12056028014013
2.31446363660883625 2246.12306153076543
2.32023219581750295 2251.12556278139073
2.32600494871687102 2256.12806403201603
2.33178184100033103 2261.13056528264133
2.33756287598648926 2266.13306653326663
2.34334805701139137 2271.13556778389193
2.34913738738569089 2276.13806903451723
2.35493087039477311 2281.14057028514253
2.36072850929887501 2286.14307153576783
2.36653030733320113 2291.14557278639359
2.37233626770805195 2296.14807403701889
2.37814641619346467 2301.15057528764419
2.38396075674780583 2306.15307653826949
2.38977926802427199 2311.15557778889479
2.39560195313590629 2316.15807903952009
2.40142881517148465 2321.16058029014539
2.40725985719564184 2326.16308154077069
2.41309508224898739 2331.16558279139599
2.41893449334822641 2336.16808404202129
2.42477809348627815 2341.17058529264659
2.43062588563239412 2346.17308654327189
2.43647787273227756 2351.17558779389719
2.44233405770820111 2356.17808904452249
2.44819445578809924 2361.18059029514779
2.45405907843592219 2366.1830915457731
2.45992790650431337 2371.1855927963984
2.46580094282460349 2376.1880940470237
2.47167819020531221 2381.190595297649
2.47755965143227375 2386.1930965482743
2.4834453292687475 2391.1955977988996
2.48933522645553795 2396.1980990495249
2.49522934571110921 2401.2006003001502
2.50112768973170141 2406.2031015507755
2.50703026119144612 2411.2056028014008
2.51293706274248185 2416.2081040520261
2.51884809701506907 2421.2106053026514
2.52476336661770606 2426.2131065532767
2.53068287413724269 2431.215607803902
2.53660662213899535 2436.2181090545273
2.54253461316685936 2441.2206103051526
2.5484668497434253 2446.2231115557779
2.55440333437009226 2451.22561280640321
2.56034406952717752 2456.22811405702851
2.56628905767403426 2461.23061530765381
2.57223830579877344 2466.23311655827911
2.57819181852871315 2471.23561780890486
2.58414959045920156 2476.23811905953016
2.59011162396896877 2481.24062031015546
2.59607792141635452 2486.24312156078076
2.60204848513942411 2491.24562281140607
2.60802331745607585 2496.24812406203137
2.61400242066415522 2501.25062531265667
2.61998579704155565 2506.25312656328197
2.62597344884633621 2511.25562781390727
2.63196537831682553 2516.25812906453257
2.63796158767173372 2521.26063031515787
2.6439620791102536 2526.26313156578317
2.64996685481217575 2531.26563281640847
2.65597591693799195 2536.26813406703377
2.66198926762900268 2541.27063531765907
2.6680069090074241 2546.27313656828437
2.67402884317649292 2551.27563781890967
2.68005507222057293 2556.27813906953497
2.68608559820525938 2561.28064032016027
2.69212042317748734 2566.28314157078557
2.69815954916563117 2571.28564282141087
2.70420297817961153 2576.28814407203618
2.71025071221099845 2581.29064532266148
2.71630276055451159 2586.29314657328678
2.72235912361656007 2591.29564782391208
2.72841979854889027 2596.29814907453738
2.7344847872682303 2601.30065032516268
2.7405540916734612 2606.30315157578798
2.74662771364571734 2611.30565282641328
2.7527056550484903 2616.30815407703858
2.75878791772772436 2621.31065532766388
2.76487450351192399 2626.31315657828918
2.7709654142122484 2631.31565782891448
2.7770606516226124 2636.31815907953978
2.78316021751978493 2641.32066033016508
2.7892641136634917 2646.32316158079038
2.79537234179650662 2651.32566283141568
2.80148490364475489 2656.32816408204144
2.80760180091740796 2661.33066533266674
2.8137230353069822 2666.33316658329204
2.81984860848943342 2671.33566783391734
2.8259785221242546 2676.33816908454264
2.83211277785456783 2681.34067033516794
2.83825137730722732 2686.34317158579324
2.84439434741592878 2691.34567283641854
2.85054167287375559 2696.34817408704384
2.85669334777159856 2701.35067533766914
2.86284937366954084 2706.35317658829445
2.86900975211186049 2711.35567783891975
2.87517448462711966 2716.35817908954505
2.88134357272825747 2721.36068034017035
2.88751701791268678 2726.36318159079565
2.89369482166237901 2731.36568284142095
2.89987698544395833 2736.36818409204625
2.9060635107087931 2741.37068534267155
2.91225439889308202 2746.37318659329685
2.91844968734520016 2751.37568784392215
2.92464935084128186 2756.37818909454745
2.93085338237740034 2761.38069034517275
2.93706178332732559 2766.38319159579805
2.94327455505010294 2771.38569284642335
2.94949169889014495 2776.38819409704865
2.95571321617731098 2781.39069534767395
2.96193910822700035 2786.39319659829926
2.96816937634023725 2791.39569784892456
2.97440404584362517 2796.39819909954986
2.98064312362403117 2801.40070035017516
2.98688658216362013 2806.40320160080046
2.99313442270409791 2811.40570285142576
2.99938664647322906 2816.40820410205106
3.00564325468490434 2821.41070535267636
3.01190424853923622 2826.41320660330166
3.01816962922263698 2831.41570785392696
3.02443942854038372 2836.41820910455272
3.03071364747458949 2841.42071035517802
3.03699225757211488 2846.42321160580332
3.04327525996273396 2851.42571285642862
3.0495626557629274 2856.42821410705392
3.05585444607597223 2861.43071535767922
3.06215063199201154 2866.43321660830452
3.06845124664038904 2871.43571785892982
3.07475629445001086 2876.43821910955512
3.08106574189255866 2881.44072036018042
3.08737959000380169 2886.44322161080572
3.09369783980677893 2891.44572286143102
3.10002049231187415 2896.44822411205632
3.10634755665971785 2901.45072536268162
3.1126790904448014 2906.45322661330692
3.11901503070923347 2911.45572786393222
3.1253553784109136 2916.45822911455753
3.13170013449546669 2921.46073036518283
3.13804929989632697 2926.46323161580813
3.14440289491715275 2931.46573286643343
3.15076095992332705 2936.46823411705873
3.15712343777874294 2941.47073536768403
3.16349032936618046 2946.47323661830933
3.16986163555659939 2951.47573786893463
3.17623735720921196 2956.47823911955993
3.18261756033103893 2961.48074037018523
3.18900219888641034 2966.48324162081053
3.19539125620080755 2971.48574287143583
3.20178473308457479 2976.48824412206113
3.2081826303366725 2981.49074537268643
3.21458500580818018 2986.49324662331173
3.22099183394792687 2991.49574787393703
3.22740308556081956 2996.49824912456234
3.23381876139840019 3001.50075037518764
3.24023886220117596 3006.50325162581294
3.24666346165442432 3011.50575287643824
3.25309250664725225 3016.50825412706354
3.25952597952351786 3021.51075537768929
3.26596388097772383 3026.51325662831459
3.27240622862729147 3031.51575787893989
3.27885308482220861 3036.51825912956519
3.28530437236625472 3041.5207603801905
3.29176009190904084 3046.5232616308158
3.298220244089761 3051.5257628814411
3.30468490510642221 3056.5282641320664
3.31115402414138682 3061.5307653826917
3.31762757840839662 3066.533266633317
3.32410556850310401 3071.5357678839423
3.33058804913544737 3076.5382691345676
3.33707501569637666 3081.5407703851929
3.34356642053952591 3086.5432716358182
3.3500622642180713 3091.5457728864435
3.35656259523109446 3096.5482741370688
3.36306742458250962 3101.5507753876941
3.36957669508748259 3106.5532766383194
3.37609040725775378 3111.5557778889447
3.38260861847185357 3116.55827913957
3.38913132512503212 3121.5607803901953
3.39565847562847845 3126.56328164082061
3.40219007045351152 3131.56578289144591
3.40872619076227412 3136.56828414207121
3.41526678849223142 3141.57078539269651
3.42181183259866462 3146.57328664332181
3.42836132737296317 3151.57578789394711
3.43491538090128534 3156.57828914457241
3.44147388276345856 3161.58079039519771
3.44803683336186229 3166.58329164582301
3.45460428687164223 3171.58579289644831
3.46117625464943446 3176.58829414707361
3.46775267299606549 3181.59079539769891
3.47433354227619517 3186.59329664832421
3.48091898094309959 3191.59579789894951
3.48750887479503113 3196.59829914957481
3.49410322129125239 3201.60080040020057
3.50070209333172944 3206.60330165082587
3.50730547014360816 3211.60580290145117
3.51391330121919321 3216.60830415207647
3.52052562251900092 3221.61080540270177
3.52714248944811271 3226.61330665332707
3.53376381217060587 3231.61580790395237
3.54038959824047206 3236.61830915457767
3.54701996215174908 3241.62081040520297
3.55365478329794771 3246.62331165582827
3.56029406192581899 3251.62581290645358
3.56693791674985183 3256.62831415707888
3.57358624281071791 3261.63081540770418
3.58023902768221181 3266.63331665832948
3.58689638080494921 3271.63581790895478
3.59355821799046549 3276.63831915958008
3.6002245152310608 3281.64082041020538
3.60689538096167439 3286.64332166083068
3.61357073520563166 3291.64582291145598
3.62025055066614243 3296.64832416208128
3.62693494296147989 3301.65082541270658
3.6336238199262012 3306.65332666333188
3.64031715918747389 3311.65582791395718
3.64701509165719662 3316.65832916458248
3.65371749673819091 3321.66083041520778
3.6604243768170206 3326.66333166583308
3.66713585102740058 3331.66583291645838
3.67385178935795675 3336.66833416708369
3.68057223272261158 3341.67083541770899
3.6872972441906029 3346.67333666833429
3.69402672064631776 3351.67583791895959
3.70076073999516231 3356.67833916958489
3.70749929341926787 3361.68084042021019
3.71424231262250792 3366.68334167083549
3.72098992032514708 3371.68584292146079
3.72774202015363976 3376.68834417208609
3.73449861126962812 3381.69084542271139
3.74125979458012159 3386.69334667333715
3.74802544501540114 3391.69584792396245
3.7547956455330187 3396.69834917458775
3.76157038281824851 3401.70085042521305
3.76834958782113327 3406.70335167583835
3.77513340924713292 3411.70585292646365
3.78192170430165975 3416.70835417708895
3.78871453347620957 3421.71085542771425
3.79551192112574176 3426.71335667833955
3.8023137775096254 3431.71585792896485
3.8091202472040302 3436.71835917959015
3.8159311991086291 3441.72086043021545
3.82274669126533118 3446.72336168084075
3.829566741043823 3451.72586293146605
3.83639126185846946 3456.72836418209135
3.84322041178729323 3461.73086543271666
3.85005403164940496 3466.73336668334196
3.85689221963384954 3471.73586793396726
3.86373494219573299 3476.73836918459256
3.87058217270285043 3481.74087043521786
3.87743400005817573 3486.74337168584316
3.88429029789407787 3491.74587293646846
3.89115121310867274 3496.74837418709376
3.89801661803007304 3501.75087543771906
3.90488658904816432 3506.75337668834436
3.91176110297109014 3511.75587793896966
3.91864013540836442 3516.75837918959496
3.92552376017710891 3521.76088044022026
3.93241185955352757 3526.76338169084556
3.93930459694147128 3531.76588294147086
3.94620180553834699 3536.76838419209616
3.95310362039261598 3541.77088544272146
3.96000994345016011 3546.77338669334677
3.96692083749581359 3551.77588794397207
3.97383627661875227 3556.77838919459737
3.98075625505488206 3561.78089044522267
3.98768081177979816 3566.78339169584797
3.9946098797138867 3571.78589294647372
4.00154355551000407 3576.78839419709902
4.00848171795882635 3581.79089544772432
4.01542451422878521 3586.79339669834962
4.02237178186728261 3591.79589794897493
4.02932369419994352 3596.79839919960023
4.03628008363299262 3601.80090045022553
4.04324110153330718 3606.80340170085083
4.05020661400537829 3611.80590295147613
4.05717674218637914 3616.80840420210143
4.06415137887798483 3621.81090545272673
4.07113062196595799 3626.81340670335203
4.0781143839943983 3631.81590795397733
4.08510274652974381 3636.81840920460263
4.09209563494984607 3641.82091045522793
4.09909312138795112 3646.82341170585323
4.10609513719279118 3651.82591295647853
4.11310175190487382 3656.82841420710383
4.12011289602650432 3661.83091545772913
4.12712864330046347 3666.83341670835443
4.13414891661062356 3671.83591795897973
4.14117380065188545 3676.83841920960504
4.14820320396270681 3681.84092046023034
4.15523722889505365 3686.84342171085564
4.16227576295976398 3691.84592296148094
4.16931893282616617 3696.84842421210624
4.1763665983397793 3701.85092546273154
4.18341891710321079 3706.85342671335684
4.19047572510493982 3711.85592796398214
4.19753718624746952 3716.85842921460744
4.20460314996558715 3721.86093046523274
4.21167374464500011 3726.86343171585804
4.21874886783974468 3731.86593296648334
4.22582859654811127 3736.86843421710864
4.23291288290257928 3741.87093546773394
4.24000174607682023 3746.87343671835924
4.24709519919776035 3751.875937968985
4.25419319722029599 3756.8784392196103
4.2612958206388889 3761.8809404702356
4.26840295383829105 3766.8834417208609
4.27551475101093015 3771.8859429714862
4.28263105632422469 3776.8884442221115
4.28975199397161688 3781.8909454727368
4.29687747906727591 3786.8934467233621
4.30400755305284921 3791.8959479739874
4.31114222119757784 3796.8984492246127
4.31828143166207568 3801.90095047523801
4.32542528605049004 3806.90345172586331
4.33257365826046925 3811.90595297648861
4.33972667683904501 3816.90845422711391
4.34688424091178494 3821.91095547773921
4.35404639665528403 3826.91345672836451
4.36121315560248757 3831.91595797898981
4.36838444847160812 3836.91845922961511
4.3755604052355066 3841.92096048024041
4.38274088897030101 3846.92346173086571
4.38992599259616956 3851.92596298149101
4.39711567937187375 3856.92846423211631
4.40430992035351121 3861.93096548274161
4.41150881293601049 3866.93346673336691
4.41871223887579223 3871.93596798399221
4.42592029214980265 3876.93846923461751
4.43313292884451027 3881.94097048524281
4.44035011938731916 3886.94347173586812
4.44757196943108291 3891.94597298649342
4.45479835895781218 3896.94847423711872
4.46202936283264773 3901.95097548774402
4.46926497038752046 3906.95347673836932
4.47650512120611577 3911.95597798899462
4.48374993914638509 3916.95847923961992
4.49099931251052809 3921.96098049024522
4.49825326714966778 3926.96348174087052
4.50551186538575088 3931.96598299149582
4.51277501260382063 3936.96848424212158
4.52004278157791184 3941.97098549274688
4.52731515792728345 3946.97348674337218
4.53459208679427217 3951.97598799399748
4.54187367037507794 3956.97848924462278
4.5491598324776259 3961.98099049524808
4.55645055142402366 3966.98349174587338
4.56374594883198181 3971.98599299649868
4.57104590408418243 3976.98849424712398
4.57835043717253143 3981.99099549774928
4.58565963158696821 3986.99349674837458
4.59297338714559888 3991.99599799899988
4.60029173420737614 3996.99849924962518
4.60761473263630617 4002.00100050025048
4.61494229542213397 4007.00350175087578
4.62227445612667953 4012.00600300150109
4.62961126534444123 4017.00850425212639
4.63695264204584934 4022.01100550275169
4.64429861590326265 4027.01350675337699
4.65164924245411804 4032.01600800400229
4.65900443953068244 4037.01850925462759
4.66636422589466093 4042.02101050525289
4.67372867609633946 4047.02351175587819
4.68109769978236478 4052.02601300650349
4.68847129826832276 4057.02851425712879
4.69584957780019696 4062.03101550775409
4.70323243410819458 4067.03351675837939
4.71061986806228461 4072.03601800900469
4.71801195850255617 4077.03851925962999
4.72540865322668502 4082.04102051025529
4.73280992836253667 4087.04352176088059
4.74021582855760304 4092.04602301150589
4.7476263672770509 4097.04852426213165
4.7550414890945305 4102.0510255127565
4.76246119774624965 4107.05352676338225
4.76988558582857447 4112.0560280140071
4.77731455961710427 4117.05852926463285
4.78474812029813013 4122.0610305152577
4.79218631788983451 4127.06353176588345
4.79962914873166913 4132.0660330165083
4.80707656896876667 4137.06853426713405
4.81452857974847426 4142.0710355177589
4.82198526469124022 4147.07353676838466
4.82944654928732842 4152.0760380190095
4.83691242682551259 4157.07853926963526
4.8443829152093496 4162.0810405202601
4.85185806876773373 4167.08354177088586
4.85933781759382821 4172.0860430215107
4.86682216276946011 4177.08854427213646
4.87431113439631059 4182.09104552276131
4.88180475884437381 4187.09354677338706
4.88930298186790058 4192.09604802401191
4.89680580451180525 4197.09854927463766
4.90431325685216724 4202.10105052526251
4.91182536179406437 4207.10355177588826
4.91934206848459343 4212.10605302651402
4.92686337793247908 4217.10855427713886
4.93438930812724852 4222.11105552776462
4.94191990267684389 4227.11355677838947
4.94945510201636374 4232.11605802901522
4.95699490711905 4237.11855927964007
4.96453931894858957 4242.12106053026582
4.97208840477842262 4247.12356178089067
4.97964210527142281 4252.12606303151642
4.98720041440485762 4257.12856428214127
4.99476333310781406 4262.13106553276702
5.00233088964795591 4267.13356678339187
5.00990309933131162 4272.13606803401763
5.01747992040642821 4277.13856928464247
5.02506135376846519 4282.14107053526823
5.03264740030343205 4287.14357178589307
5.04023810358776636 4292.14607303651883
5.04783344406012535 4297.14857428714367
5.05543339941406789 4302.15107553776943
5.06303797050251614 4307.15357678839428
5.07064715816947942 4312.15607803902003
5.07826100265810609 4317.15857928964488
5.08587948689335345 4322.16108054027063
5.09350258930508026 4327.16358179089548
5.1011303107050292 4332.16608304152123
5.10876265189623169 4337.16858429214608
5.11639963145531418 4342.17108554277183
5.12404127152835365 4347.17358679339668
5.13168753288277735 4352.17608804402244
5.1393384162901512 4357.17858929464728
5.14699392251356169 4362.18109054527304
5.15465405230763452 4367.18359179589788
5.16231883754317522 4372.18609304652364
5.16998826885426332 4377.18859429714848
5.17766232509884716 4382.19109554777424
5.1853410070010364 4387.19359679839908
5.19302431527670283 4392.19609804902484
5.20071225063351061 4397.1985992996506
5.20840483193898507 4402.20110055027544
5.21610207100685663 4407.2036018009012
5.22380393839534829 4412.20610305152604
5.23151043478253364 4417.2086043021518
5.23922156083847401 4422.21110555277664
5.24693731722527801 4427.2136068034024
5.25465770459712278 4432.21610805402725
5.26238274589504496 4437.218609304653
5.2701124392109282 4442.22111055527785
5.2778467646110423 4447.2236118059036
5.28558572272101301 4452.22611305652845
5.29332931415875141 4457.2286143071542
5.30107753953446803 4462.23111555777905
5.30883039945073332 4467.2336168084048
5.31658789450250602 4472.23611805902965
5.32435005335907441 4477.23861930965541
5.3321168563877146 4482.24112056028025
5.33988829549592126 4487.24362181090601
5.34766437125125815 4492.24612306153085
5.35544508421387366 4497.24862431215661
5.36323043493652563 4502.25112556278145
5.37102042396463197 4507.25362681340721
5.37881505183631159 4512.25612806403205
5.3866143190824971 4517.25862931465781
5.39441824469950859 4522.26113056528266
5.40222682149881273 4527.26363181590841
5.41004003844888981 4532.26613306653326
5.41785789605443924 4537.26863431715901
5.4256803948130683 4542.27113556778386
5.43350753521532681 4547.27363681840961
5.44133931774474888 4552.27613806903446
5.44917574287788398 4557.27863931966021
5.45701681108433601 4562.28114057028506
5.46486252282680507 4567.28364182091082
5.47271287856110522 4572.28614307153566
5.48056787873622575 4577.28864432216142
5.48842754203554684 4582.29114557278717
5.4962918528910949 4587.29364682341202
5.50416080875024605 4592.29614807403777
5.51203441003743944 4597.29864932466262
5.5199126571704582 4602.30115057528837
5.52779555056043925 4607.30365182591322
5.53568309061192387 4612.30615307653898
5.54357527772288616 4617.30865432716382
5.55147211228476589 4622.31115557778958
5.5593735946825058 4627.31365682841442
5.56727972529458714 4632.31615807904018
5.57519050449305809 4637.31865932966502
5.58310593264357369 4642.32116058029078
5.59102601010541811 4647.32366183091563
5.59895073723155878 4652.32616308154138
5.60688011436865175 4657.32866433216623
5.61481414185709937 4662.33116558279198
5.62275282003106902 4667.33366683341683
5.63069614921853567 4672.33616808404258
5.63864412974129614 4677.33866933466743
5.64659676191502591 4682.34117058529318
5.65455404772502401 4687.34367183591803
5.662515989822551 4692.34617308654379
5.67048258378710468 4697.34867433716863
5.67845382991242076 4702.35117558779439
5.68642972848624861 4707.35367683841923
5.69441027979039038 4712.35617808904499
5.70239548410072761 4717.35867933966983
5.71038534168725054 4722.36118059029559
5.71837985281409189 4727.36368184092044
5.72637901773955882 4732.36618309154619
5.73438283671615689 4737.36868434217104
5.74239130999063185 4742.37118559279679
5.75040443780398469 4747.37368684342164
5.75842222039151963 4752.37618809404739
5.76644465798286276 4757.37868934467315
5.77447175080198427 4762.38119059529799
5.78250349906725347 4767.38369184592375
5.79053990299143795 4772.3861930965486
5.79858096294082248 4777.38869434717435
5.80662668525845405 4782.3911955977992
5.81467706449482336 4787.39369684842495
5.82273210083851556 4792.3961980990498
5.83079179447268992 4797.39869934967555
5.8388561455750887 4802.4012006003004
5.8469251543180869 4807.40370185092615
5.85499882086870738 4812.406203101551
5.86307714538865188 4817.40870435217676
5.87116012803433129 4822.4112056028016
5.87924776895689849 4827.41370685342736
5.88734006830225542 4832.4162081040522
5.89543702621111265 4837.41870935467796
5.90353864281898133 4842.4212106053028
5.91164491825623628 4847.42371185592856
5.9197558526481151 4852.4262131065534
5.92787144611475636 4857.42871435717916
5.93599169877122446 4862.43121560780401
5.94411661072754871 4867.43371685842976
5.95224618208872158 4872.43621810905461
5.96038041295475729 4877.43871935968036
5.96851930342069803 4882.44122061030521
5.97666286273822056 4887.44372186093096
5.98481109335243833 4892.44622311155581
5.99296398443107758 4897.44872436218157
6.00112153604760756 4902.45122561280641
6.00928374827067469 4907.45372686343217
6.01745062116411944 4912.45622811405701
6.02562215478700747 4917.45872936468277
6.03379834919364377 4922.46123061530761
6.04197920443361269 4927.46373186593337
6.05016472055178856 4932.46623311655821
6.05835489758837475 4937.46873436718397
6.06654973557891886 4942.47123561780973
6.07474925421766532 4947.47373686843457
6.08295344235831603 4952.47623811906033
6.09116229211707605 4957.47873936968517
6.09937580350924069 4962.48124062031093
6.10759397654558978 4967.48374187093577
6.11581681123240362 4972.48624312156153
6.12404430757148077 4977.48874437218637
6.13227646556017358 4982.49124562281213
6.14051328519139172 4987.49374687343698
6.1487547856682232 4992.49624812406273
6.15700096218521065 4997.49874937468758
6.16525180086505031 5002.50125062531333
6.17350730168136419 5007.50375187593818
6.18176746460346838 5012.50625312656393
6.1900322895963944 5017.50875437718878
6.1983017766209203 5022.51125562781453
6.20657592563357241 5027.51375687843938
6.21485476834754547 5032.51625812906514
6.22313827960218635 5037.51875937968998
6.23142645324232092 5042.52126063031574
6.2397192892059925 5047.52376188094058
6.24801678742713484 5052.52626313156634
6.25631894783557208 5057.52876438219118
6.26462577035706403 5062.53126563281694
6.27293729680080858 5067.53376688344179
6.28125348583250709 5072.53626813406754
6.28957433727044979 5077.53876938469239
6.29789985102259298 5082.54127063531814
6.30623002699291835 5087.54377188594299
6.3145648650814854 5092.54627313656874
6.32290440171404811 5097.54877438719359
6.33124860973432924 5102.55127563781934
6.33959748007894319 5107.55377688844419
6.34795101263071082 5112.55627813906995
6.35630920726861337 5117.55877938969479
6.36467206862129586 5122.56128064032055
6.37303963596335699 5127.5637818909463
6.38141186552622663 5132.56628314157115
6.38978875717213501 5137.5687843921969
6.39817031075957665 5142.57128564282175
6.40655652614335125 5147.5737868934475
6.41494744376292925 5152.57628814407235
6.42334303456304401 5157.57878939469811
6.43174328721200528 5162.58129064532295
6.44014820154838841 5167.58379189594871
6.44855777740716274 5172.58629314657355
6.45697205768412097 5177.58879439719931
6.4653910111494417 5182.59129564782415
6.47381462612228731 5187.59379689844991
6.48224290242183887 5192.59629814907476
6.49067584338169645 5197.59879939970051
6.49911349910638769 5202.60130065032536
6.5075558160892415 5207.60380190095111
6.51600279413400596 5212.60630315157596
6.52445443304102213 5217.60880440220171
6.53291076625568135 5222.61130565282656
6.54137178631824856 5227.61380690345231
6.54983746711029813 5232.61630815407716
6.55830780841715466 5237.61880940470292
6.56678282643606792 5242.62131065532776
6.57526255035053975 5247.62381190595352
6.58374693459588922 5252.62631315657836
6.59223597894276025 5257.62881440720412
6.60072969217922711 5262.63131565782896
6.60922812042649088 5267.63381690845472
6.61773120854126962 5272.63631815907956
6.62623895627985071 5277.63881940970532
6.6347513747362612 5282.64132066033017
6.64326850751197551 5287.64382191095592
6.65179029962847412 5292.64632316158077
6.66031675082801566 5297.64882441220652
6.66884788410365381 5302.65132566283137
6.67738372132419222 5307.65382691345712
6.68592421729679209 5312.65632816408288
6.69446937174997903 5317.65882941470772
6.70301922904868874 5322.66133066533348
6.71157377035697778 5327.66383191595833
6.72013296976793928 5332.66633316658408
6.72869683005215968 5337.66883441720893
6.73726541713437133 5342.67133566783468
6.74583866190560766 5347.67383691845953
6.75441656407077406 5352.67633816908528
6.76299916433173465 5357.67883941971013
6.77158645474387111 5362.68134067033589
6.78017840209110467 5367.68384192096073
6.78877501823517093 5372.68634317158649
6.79737635444885591 5377.68884442221133
6.80598234710441918 5382.69134567283709
6.8145929958840501 5387.69384692346193
6.82320836677820619 5392.69634817408769
6.83182840475081488 5397.69884942471253
6.84045309831078718 5402.70135067533829
6.84908249708720884 5407.70385192596314
6.85771658026990494 5412.70635317658889
6.8663553184701227 5417.70885442721374
6.87499875033488905 5422.71135567783949
6.88364687850682522 5427.71385692846434
6.89229966109387071 5432.71635817909009
6.900957131089962 5437.71885942971494
6.90961930391820101 5442.72136068034069
6.91828613052708974 5447.72386193096554
6.92695764353672416 5452.7263631815913
6.93563386057799303 5457.72886443221614
6.94431473073393501 5462.7313656828419
6.95300029148084597 5467.73386693346674
6.96169055218327237 5472.7363681840925
6.97038546530338099 5477.73886943471734
6.97908507835509173 5482.7413706853431
6.98778938205989153 5487.74387193596795
6.9964983374548968 5492.7463731865937
7.00521200722491955 5497.74887443721946
7.01393035316809499 5502.7513756878443
7.02265335004399383 5507.75387693847006
7.03138108079403157 5512.7563781890949
7.04011346810801353 5517.75887943972066
7.04885052343147933 5522.7613806903455
7.05759230140983806 5527.76388194097126
7.06633872912510341 5532.76638319159611
7.07508985292258252 5537.76888444222186
7.08384567106880336 5542.77138569284671
7.09260613811550034 5547.77388694347246
7.10137133424809708 5552.77638819409731
7.11014119142176781 5557.77888944472306
7.11891572142537754 5562.78139069534791
7.12769496881609843 5567.78389194597366
7.13647886377913299 5572.78639319659851
7.14526747294003428 5577.78889444722427
7.15406075769783723 5582.79139569784911
7.16285870635033461 5587.79389694847487
7.17166138090981065 5592.79639819909971
7.18046870163281881 5597.79889944972547
7.18928073585388283 5602.80140070035031
7.19809744584104561 5607.80390195097607
7.20691882488611224 5612.80640320160092
7.21574492406327828 5617.80890445222667
7.22457566791678119 5622.81140570285152
7.23341113854051443 5627.81390695347727
7.24225127093424703 5632.81640820410212
7.2510960914329301 5637.81890945472787
7.259945612213758 5642.82141070535272
7.26879978482071465 5647.82391195597847
7.27765869380321906 5652.82641320660332
7.28652224532490056 5657.82891445722908
7.29539051767165425 5662.83141570785392
7.30426345659119303 5667.83391695847968
7.31314108570998389 5672.83641820910543
7.32202341176579097 5677.83891945973028
7.33091039973179726 5682.84142071035603
7.33980211263115123 5687.84392196098088
7.34869846578525632 5692.84642321160663
7.35759956089348055 5697.84892446223148
7.36650529993886138 5702.85142571285724
7.37541575818349759 5707.85392696348208
7.38433088275398219 5712.85642821410784
7.39325070605717372 5717.85892946473268
7.40217521575654747 5722.86143071535844
7.41110440599646392 5727.86393196598328
7.4200383003987973 5732.86643321660904
7.42897685941005204 5737.86893446723388
7.43792013805998575 5742.87143571785964
7.44686806763404974 5747.87393696848449
7.45582073004712953 5752.87643821911024
7.46477803193273193 5757.87893946973509
7.4737400775956937 5762.88144072036084
7.48270675834026466 5767.88394197098569
7.49167818187031198 5772.88644322161144
7.50065424460767805 5777.88894447223629
7.50963504396547421 5782.89144572286204
7.51862048811451 5787.89394697348689
7.52761066490622621 5792.89644822411265
7.53660548985801526 5797.89894947473749
7.54560504564885015 5802.90145072536325
7.55460925076698597 5807.90395197598809
7.56361818708152267 5812.90645322661385
7.57263177170240365 5817.90895447723869
7.5816500900250281 5822.91145572786445
7.59067305345811683 5827.9139569784893
7.5997007552333784 5832.91645822911505
7.60873309676151255 5837.9189594797399
7.61777018339448908 5842.92146073036565
7.62681190792141006 5847.9239619809905
7.63585837513083021 5852.92646323161625
7.6449094871927592 5857.92896448224201
7.65396533100007037 5862.93146573286685
7.66302583190137643 5867.93396698349261
7.67209105149570902 5872.93646823411746
7.68116094250261305 5877.93896948474321
7.69023553704770801 5882.94147073536806
7.69931481938863804 5887.94397198599381
7.70839878802312573 5892.94647323661866
7.7174874628890695 5897.94897448724441
7.72658080472671394 5902.95147573786926
7.7356788732715831 5907.95397698849501
7.74478158820655871 5912.95647823911986
7.7538890507425231 5917.95897948974562
7.76300116163761889 5922.96148074037046
7.77211799544750903 5927.96398199099622
7.7812395033619195 5932.96648324162106
7.79036570747202628 5937.96898449224682
7.79949661342908929 5942.97148574287166
7.80863218684202476 5947.97398699349742
7.81777249182955902 5952.97648824412227
7.82691744864405514 5957.97898949474802
7.83606713849513348 5962.98149074537287
7.84522149635919153 5967.98399199599862
7.85438055329957407 5972.98649324662347
7.86354431311025781 5977.98899449724922
7.8727127360591771 5982.99149574787407
7.88188589867920353 5987.99399699849982
7.89106371712896415 5992.99649824912467
7.90024625279138526 5997.99899949975043
7.90943347587204926 6003.00150075037527
7.9186253751161324 6008.00400200100103
7.92782200360264699 6013.00650325162587
7.93702329071889423 6018.00900450225163
7.94622929990138971 6023.01150575287647
7.95543999410639113 6028.01400700350223
7.9646553642943001 6033.01650825412707
7.97387546627729815 6038.01900950475283
7.98310022955679255 6043.02151075537859
7.99232970667113118 6048.02401200600343
8.00156387927610169 6053.02651325662919
8.01080271485392359 6058.02901450725403
8.0200462972101807 6063.03151575787979
8.02929454357920491 6068.03401700850463
8.03854748266093466 6073.03651825913039
8.04780514037621586 6078.03901950975524
8.05706746352222858 6083.04152076038099
8.06633450446377331 6088.04402201100584
8.07560624029138907 6093.04652326163159
8.08488264309997007 6098.04902451225644
8.09416378399335912 6103.05152576288219
8.1034496007401593 6108.05402701350704
8.11274009371480709 6113.05652826413279
8.12203532482576485 6118.05902951475764
8.13133522517415308 6123.0615307653834
8.14063981436364514 6128.06403201600824
8.14994913020728085 6133.066533266634
8.15926311671694293 6138.06903451725884
8.16858179999896983 6143.0715357678846
8.17790520305914725 6148.07403701850944
8.187233278168776 6153.0765382691352
8.1965660533415754 6158.07903951976004
8.20590354598223648 6163.0815407703858
8.21524571201119791 6168.08404202101065
8.22459257679480515 6173.0865432716364
8.2339441612616362 6178.08904452226125
8.24330042041165889 6183.091545772887
8.25266137244912024 6188.09404702351185
8.26202705087120215 6193.0965482741376
8.27139740522799727 6198.09904952476245
8.2807724420865938 6203.1015507753882
8.29015221647802392 6208.10405202601305
8.29953666801291057 6213.10655327663881
8.30892579729681025 6218.10905452726365
8.31831965944681961 6223.11155577788941
8.32771821001830759 6228.11405702851516
8.33712143948967288 6233.11655827914001
8.34652938084427731 6238.11905952976576
8.35594203219965337 6243.12156078039061
8.36535936356433574 6248.12406203101636
8.37478138144334316 6253.12656328164121
8.38420813522019692 6258.12906453226697
8.39363957007492978 6263.13156578289181
8.403075686561019 6268.13406703351757
8.41251651945518475 6273.13656828414241
8.42196205928908093 6278.13906953476817
8.43141228176759405 6283.14157078539301
8.44086718742363651 6288.14407203601877
8.45032683119203831 6293.14657328664362
8.45979116100640383 6298.14907453726937
8.46926017495725247 6303.15157578789422
8.47873388549071194 6308.15407703851997
8.48821232388024605 6313.15657828914482
8.4976954473263735 6318.15907953977057
8.50718325632735173 6323.16158079039542
8.51667576971902385 6328.16408204102117
8.52617300375875686 6333.16658329164602
8.53567492422085117 6338.16908454227178
8.54518153158397098 6343.17158579289662
8.554692843214589 6348.17408704352238
8.5642088760977817 6353.17658829414722
8.57372959669786461 6358.17908954477298
8.58325500547427644 6363.18159079539782
8.59278511055577177 6368.18409204602358
8.60231994521704735 6373.18659329664843
8.61185946881980691 6378.18909454727418
8.62140368180459404 6383.19159579789903
8.63095258460683645 6388.19409704852478
8.64050621450373235 6393.19659829914963
8.65006454372125333 6398.19909954977538
8.6596275634581481 6403.20160080040114
8.66919527413137203 6408.20410205102598
8.6787676864300316 6413.20660330165174
8.688344823626446 6418.20910455227659
8.6979266524124661 6423.21160580290234
8.70751317318689821 6428.21410705352719
8.71710438634365303 6433.21660830415294
8.72670030986645351 6438.21910955477779
8.73630094975643168 6443.22161080540354
8.74590628262131276 6448.22411205602839
8.7555163088372634 6453.22661330665414
8.76513102877564876 6458.22911455727899
8.77475045570702861 6463.23161580790475
8.78437460241505264 6468.23411705852959
8.79400344337878792 6473.23661830915535
8.80363697895224995 6478.23911955978019
8.81327520948476462 6483.24162081040595
8.82291813532098601 6488.24412206103079
8.83256578886646615 6493.24662331165655
8.84221814146990148 6498.24912456228139
8.85187518984006871 6503.25162581290715
8.86153693430473766 6508.254127063532
8.87120337518710578 6513.25662831415775
8.88087451417026585 6518.2591295647826
8.89055038148607224 6523.26163081540835
8.90023094562624095 6528.2641320660332
8.90991620689746888 6533.26663331665895
8.91960616560196939 6538.2691345672838
8.92930082203751851 6543.27163581790956
8.93900017649745493 6548.2741370685344
8.94870424830449629 6553.27663831916016
8.95841302880366719 6558.279139569785
8.96812650765547481 6563.28164082041076
8.97784468513727063 6568.2841420710356
8.98756756152207181 6573.28664332166136
8.9972951370785772 6578.2891445722862
9.00702741207120638 6583.29164582291196
9.01676440037605076 6588.29414707353772
9.02650610069515658 6593.29664832416256
9.03625250070272479 6598.29914957478832
9.04600360064767095 6603.30165082541316
9.05575940077471842 6608.30415207603892
9.06551990132440189 6613.30665332666376
9.07528510253309939 6618.30915457728952
9.08505500463305182 6623.31165582791436
9.09482961571413817 6628.31415707854012
9.10460894206640425 6633.31665832916497
9.11439296947791888 6638.31915957979072
9.12418169816597313 6643.32166083041557
9.13397512834382042 6648.32416208104132
9.14377326022066761 6653.32666333166617
9.15357609400171413 6658.32916458229192
9.16338362988815547 6663.33166583291677
9.17319586807721166 6668.33416708354252
9.18301280876215031 6673.33666833416737
9.19283446040314267 6678.33916958479313
9.20266082364619464 6683.34167083541797
9.21249188945105679 6688.34417208604373
9.22232765799671306 6693.34667333666857
9.23216812945828202 6698.34917458729433
9.24201330400702936 6703.35167583791917
9.25186318181037493 6708.35417708854493
9.2617177630319123 6713.35667833916978
9.27157704783144077 6718.35917958979553
9.28144103636495821 6723.36168084042038
9.29130972878471262 6728.36418209104613
9.30118312523918078 6733.36668334167098
9.31106122587311624 6738.36918459229673
9.3209440308275564 6743.37168584292158
9.33083155001024167 6748.37418709354733
9.34072377446107893 6753.37668834417218
9.35062070316177341 6758.37918959479794
9.36052233623997942 6763.38169084542278
9.37042867381971512 6768.38419209604854
9.38033971602137839 6773.38669334667429
9.39025546296176117 6778.38919459729914
9.40017591475406356 6783.39169584792489
9.41010107150791697 6788.39419709854974
9.42003093332939834 6793.39669834917549
9.42996550032104075 6798.39919959980034
9.43990477258185656 6803.4017008504261
9.4498487502073516 6808.40420210105094
9.45979743328954115 6813.4067033516767
9.4697508219169606 6818.40920460230154
9.47970891617469213 6823.4117058529273
9.48967171614436644 6828.41420710355214
9.49963922190419652 6833.4167083541779
9.50961143352897231 6838.41920960480275
9.5195883510901016 6843.4217108554285
9.52956997465558864 6848.42421210605335
9.53955630429009638 6853.4267133566791
9.54954734005492156 6858.42921460730395
9.55954308200803737 6863.4317158579297
9.56954353020408099 6868.43421710855455
9.57954868469440335 6873.4367183591803
9.58955854552705311 6878.43921960980515
9.59957311274680869 6883.44172086043091
9.60959238639518887 6888.44422211105575
9.61961636651047058 6893.44672336168151
9.62964505312769248 6898.44922461230635
9.63967844627869042 6903.45172586293211
9.64971654599208684 6908.45422711355695
9.65975935229332627 6913.45672836418271
9.66980686520467891 6918.45922961480755
9.67985908474526191 6923.46173086543331
9.68991601093104116 6928.46423211605816
9.69997764377486149 6933.46673336668391
9.71004398328645379 6938.46923461730876
9.72011502947244566 6943.47173586793451
9.73019078233638268 6948.47423711855936
9.74027124187873206 6953.47673836918511
9.75035640809690918 6958.47923961981087
9.76044628098528655 6963.48174087043571
9.77054086053520443 6968.48424212106147
9.78064014673498328 6973.48674337168632
9.79074413956995038 6978.48924462231207
9.80085283902243276 6983.49174587293692
9.81096624507179804 6988.49424712356267
9.82108436709563115 6993.49674837418752
9.8312071974456714 6998.49924962481327
9.841334734724553 7003.50175087543812
9.85146697889874545 7008.50425212606388
9.86160392993180857 7013.50675337668872
9.87174558778441735 7018.50925462731448
9.8818919524143638 7023.51175587793932
9.89204302377658351 7028.51425712856508
9.90219880182314682 7033.51675837918992
9.91235928650329967 7038.51925962981568
9.92252447776344937 7043.52176088044052
9.93269437554720547 7048.52426213106628
9.94286897979535667 7053.52676338169113
9.95304829525982804 7058.52926463231688
9.96323232885476884 7063.53176588294173
9.97342106911679771 7068.53426713356748
9.98361451597456018 7073.53676838419233
9.99381266935398038 7078.53926963481808
10.0040155291782398 7083.54177088544293
10.0142230953678393 7088.54427213606868
10.0244353678405531 7093.54677338669353
10.0346523465115016 7098.54927463731929
10.0448740312931051 7103.55177588794413
10.0551004306398255 7108.55427713856989
10.0653315480563013 7113.55677838919473
10.0755673716908767 7118.55927963982049
10.0858079014443778 7123.56178089044533
10.0960531372150193 7128.56428214107109
10.1063030788984225 7133.56678339169594
10.1165577263876223 7138.56928464232169
10.1268170795730796 7143.57178589294745
10.1370811443692208 7148.57428714357229
10.1473499325106946 7153.57678839419805
10.1576234263820115 7158.57928964482289
10.1679016258624504 7163.58179089544865
10.1781845308287711 7168.58429214607349
10.1884721411552359 7173.58679339669925
10.1987644567136151 7178.5892946473241
10.2090614809762688 7183.59179589794985
10.2193632332815501 7188.5942971485747
10.2296696907894518 7193.59679839920045
10.2399808533609118 7198.5992996498253
10.2502967208544433 7203.60180090045105
10.2606172931261348 7208.6043021510759
10.2709425700296642 7213.60680340170165
10.281272572986655 7218.6093046523265
10.2916072881054603 7223.61180590295226
10.3019467077658877 7228.6143071535771
10.312290831811131 7233.61680840420286
10.3226396600820287 7238.6193096548277
10.332993192417085 7243.62181090545346
10.3433514564850189 7248.6243121560783
10.3537144281685283 7253.62681340670406
10.3640821037748143 7258.62931465732891
10.3744544831321797 7263.63181590795466
10.3848315660666426 7268.63431715857951
10.3952133675911043 7273.63681840920526
10.4055998907867195 7278.63931965983011
10.4159911173759401 7283.64182091045586
10.4263870471748312 7288.64432216108071
10.4367876799972148 7293.64682341170646
10.4471930285545866 7298.64932466233131
10.4576031020258835 7303.65182591295707
10.4680178786512137 7308.65432716358191
10.4784373578792991 7313.65682841420767
10.4888615399129765 7318.65932966483342
10.499290444588631 7323.66183091545827
10.5097240678476762 7328.66433216608402
10.5201623932467037 7333.66683341670887
10.5306054205781301 7338.66933466733462
10.5410531496322335 7343.67183591795947
10.5515056190306797 7348.67433716858523
10.5619627901469908 7353.67683841921007
10.5724246626817848 7358.67933966983583
10.5828912364160548 7363.68184092046067
10.5933625371732774 7368.68434217108643
10.6038385533835111 7373.68684342171127
10.6143192704576226 7378.68934467233703
10.6248046881674956 7383.69184592296187
10.6352948260802549 7388.69434717358763
10.6457896865831181 7393.69684842421248
10.6562892473553177 7398.69934967483823
10.6667935081597847 7403.70185092546308
10.6773024887797074 7408.70435217608883
10.6878161925991595 7413.70685342671368
10.6983345960541794 7418.70935467733943
10.7088576988989352 7423.71185592796428
10.7193855275365699 7428.71435717859003
10.7299180735249173 7433.71685842921488
10.7404553184765739 7438.71935967984064
10.7509972621371013 7443.72186093046548
10.7615439438658882 7448.72436218109124
10.7720953307068612 7453.72686343171608
10.7826514158010998 7458.72936468234184
10.7932122101095356 7463.73186593296668
10.8037777385458718 7468.73436718359244
10.8143479647576353 7473.73686843421729
10.8249228884755162 7478.73936968484304
10.8355025446926359 7483.74187093546789
10.846086911630703 7488.74437218609364
10.8566759755687983 7493.74687343671849
10.8672697515925236 7498.74937468734424
10.8778682587916098 7503.75187593797
10.88847146246313 7508.75437718859484
10.8990793623233841 7513.7568784392206
10.9096920083622511 7518.75937968984545
10.92030935120777 7523.7618809404712
10.9309313896870233 7528.76438219109605
10.9415581622185396 7533.7668834417218
10.9521896436064612 7538.76938469234665
10.9628258200523785 7543.7718859429724
10.9734667219927537 7548.77438719359725
10.9841123412210546 7553.776888444223
10.9947626549110016 7558.77938969484785
11.0054176890779605 7563.78189094547361
11.016077445374588 7568.78439219609845
11.0267418955162562 7573.78689344672421
11.0374110646302324 7578.78939469734905
11.0480849571542024 7583.79189594797481
11.0587635428866182 7588.79439719859965
11.0694468495719605 7593.79689844922541
11.0801348774142472 7598.79939969985026
11.0908275978086888 7603.80190095047601
11.1015250445948421 7608.80440220110086
11.1122272067793109 7613.80690345172661
11.122934060840203 7618.80940470235146
11.1336456501628671 7623.81190595297721
11.1443619456471588 7628.81440720360206
11.1550829323129772 7633.81690845422781
11.1658086665152592 7638.81940970485266
11.1765390941916802 7643.82191095547842
11.1872742250494834 7648.82441220610326
11.1980140936693715 7653.82691345672902
11.2087586523657432 7658.82941470735386
11.2195079322739542 7663.83191595797962
11.2302619314235343 7668.83441720860446
11.2410206199040932 7673.83691845923022
11.2517840509609606 7678.83941970985506
11.2625521793599024 7683.84192096048082
11.2733250123766258 7688.84442221110658
11.2841025805414201 7693.84692346173142
11.2948848368472152 7698.84942471235718
11.3056718247726931 7703.85192596298202
11.3164635202347537 7708.85442721360778
11.3272599133257081 7713.85692846423262
11.3380610477391528 7718.85942971485838
11.3488668690516192 7723.86193096548323
11.3596774205593931 7728.86443221610898
11.3704926801405364 7733.86693346673383
11.3813126398434612 7738.86943471735958
11.3921373374371715 7743.87193596798443
11.4029667206371492 7748.87443721861018
11.4138008420180466 7753.87693846923503
11.4246396624763715 7758.87943971986078
11.4354831949096862 7763.88194097048563
11.4463314523201607 7768.88444222111139
11.4571843970890974 7773.88694347173623
11.4680420911250653 7778.88944472236199
11.4789044689273858 7783.89194597298683
11.4897715797986866 7788.89444722361259
11.5006433933737657 7793.89694847423743
11.5115199192001132 7798.89944972486319
11.5224011681727028 7803.90195097548803
11.5332871101403125 7808.90445222611379
11.5441777941153294 7813.90695347673864
11.5550731599206049 7818.90945472736439
11.5659732719452375 7823.91195597798924
11.5768780718047353 7828.91445722861499
11.5877876023588851 7833.91695847923984
11.5987018358304059 7838.91945972986559
11.6096207860059994 7843.92196098049044
11.6205444526281134 7848.92446223111619
11.6314728234899629 7853.92696348174104
11.642405922782153 7858.9294647323668
11.6533437153682069 7863.93196598299164
11.6642862468310575 7868.9344672336174
11.6752334621526046 7873.93696848424315
11.686185425267956 7878.939469734868
11.6971420664806516 7883.94197098549375
11.7081034585409629 7888.9444722361186
11.7190695302863297 7893.94697348674435
11.7300403470535599 7898.9494747373692
11.7410158487689724 7903.95197598799496
11.7519960911649566 7908.9544772386198
11.7629810222696243 7913.95697848924556
11.77397069119049 7918.9594797398704
11.7849650510855977 7923.96198099049616
11.7959641474019605 7928.964482241121
11.8069679354708477 7933.96698349174676
11.8179764600280244 7938.96948474237161
11.828989675636322 7943.97198599299736
11.8400076292545453 7948.97448724362221
11.8510302717503446 7953.97698849424796
11.862057655224941 7958.97948974487281
11.8730897239389677 7963.98199099549856
11.8841265380405705 7968.98449224612341
11.8951680322862927 7973.98699349674916
11.9062142777610553 7978.98949474737401
11.9172652025062185 7983.99199599799977
11.9283208744046476 7988.99449724862461
11.9393812320182153 7993.99699849925037
11.9504463279485726 7998.99949974987521
11.9615161191142807 8004.00200100050097
11.9725906383293719 8009.00450225112581
11.9836698637071528 8014.00700350175157
11.9947538054432368 8019.00950475237642
12.0058424656694314 8024.01200600300217
12.0169358291463713 8029.01450725362702
12.0280339248338919 8034.01700850425277
12.0391367092552812 8039.01950975487762
12.0502442409938304 8044.02201100550337
12.0613564570231766 8049.02451225612822
12.0724734139033956 8054.02701350675397
12.0835950672334924 8059.02951475737973
12.0947214432779084 8064.03201600800458
12.1058525344392347 8069.03451725863033
12.1169883287941929 8074.03701850925518
12.1281288582946623 8079.03951975988093
12.1392740746557148 8084.04202101050578
12.150424038416034 8089.04452226113153
12.1615786942375603 8094.04702351175638
12.1727380743819431 8099.04952476238213
12.1839021701143011 8104.05202601300698
12.1950709657335992 8109.05452726363274
12.2062445018052248 8114.05702851425758
12.2174227271394926 8119.05952976488334
12.2286056887927579 8124.06203101550818
12.2397933554627905 8129.06453226613394
12.2509857305227445 8134.06703351675878
12.2621828389010528 8139.06953476738454
12.2733846382234155 8144.07203601800938
12.2845911768425484 8149.07453726863514
12.2958024187818076 8154.07703851925999
12.3070183686397794 8159.07953976988574
12.3182390535136292 8164.08204102051059
12.3294644309297681 8169.08454227113634
12.3406945417150222 8174.08704352176119
12.3519293628882547 8179.08954477238694
12.3631688826470825 8184.09204602301179
12.3744131478414214 8189.09454727363755
12.385662107094694 8194.0970485242633
12.3969157849951905 8199.09954977488815
12.4081741890076636 8204.10205102551299
12.4194372880399548 8209.10455227613784
12.4307051225042873 8214.1070535267645
12.4419776669829325 8219.10955477738935
12.4532549074125516 8224.11205602801419
12.4645368968067967 8229.11455727863904
12.4758235833195883 8234.11705852926571
12.4871149765758567 8239.11955977989055
12.4984111093200632 8244.1220610305154
12.5097119393558565 8249.12456228114206
12.5210174844256219 8254.12706353176691
12.5323277612489186 8259.12956478239175
12.5436427362184073 8264.1320660330166
12.5549624313240056 8269.13456728364326
12.5662868535883536 8274.13706853426811
12.577615974825024 8279.13956978489296
12.5889498181353439 8284.1420710355178
12.60028838712606 8289.14457228614447
12.6116316558870718 8294.14707353676931
12.6229796455182779 8299.14957478739416
12.6343323624449599 8304.152076038019
12.6456897799120913 8309.15457728864567
12.6570519139283135 8314.15707853927051
12.6684187799257355 8319.15957978989536
12.679790347206259 8324.16208104052021
12.6911666236202745 8329.16458229114687
12.702547639749282 8334.16708354177172
12.7139333578768614 8339.16958479239656
12.7253237783753335 8344.17208604302141
12.7367189418991593 8349.17458729364807
12.7481188118347202 8354.17708854427292
12.759523384819925 8359.17958979489777
12.7709326861639916 8364.18209104552261
12.7823467087966005 8369.18459229614928
12.7937654351311547 8374.18709354677412
12.8051888721398655 8379.18959479739897
12.8166170482875668 8384.19209604802381
12.828049928763388 8389.19459729865048
12.8394875139068638 8394.19709854927532
12.850929829643345 8399.19959979990017
12.8623768649824601 8404.20210105052502
12.8738286055800959 8409.20460230115168
12.8852850520126054 8414.20710355177653
12.8967462428680282 8419.20960480240137
12.9082121395473823 8424.21210605302804
12.9196827423678933 8429.21460730365288
12.9311580613157737 8434.21710855427773
12.9426381146364964 8439.21960980490257
12.9541228746294355 8444.22211105552924
12.9656123415991651 8449.22461230615409
12.9771065294943195 8454.22711355677893
12.9886054471274566 8459.22961480740378
13.0001090722346131 8464.23211605803044
13.0116174051079412 8469.23461730865529
13.0231304582641183 8474.23711855928013
13.0346482418860852 8479.23961980990498
13.0461707337381299 8484.24212106053164
13.0576979341001653 8489.24462231115649
13.0692298487150111 8494.24712356178134
13.0807664998342208 8499.24962481240618
13.0923078598945306 8504.25212606303285
13.1038539291637797 8509.25462731365769
13.115404707906583 8514.25712856428254
13.1269602212803882 8519.25962981490738
13.1385204508476559 8524.26213106553405
13.1500853902786599 8529.2646323161589
13.1616550398261882 8534.26713356678374
13.1732294059296056 8539.26963481740859
13.1848085061404685 8544.27213606803525
13.196392316826369 8549.2746373186601
13.2079808382284583 8554.27713856928494
13.2195740705847449 8559.27963981990979
13.2311720247246605 8564.28214107053645
13.2427747075997537 8569.2846423211613
13.2543821017480496 8574.28714357178615
13.2659942073961439 8579.28964482241099
13.277611024767543 8584.29214607303766
13.2892325608123691 8589.2946473236625
13.3008588284428164 8594.29714857428735
13.3124898080768386 8599.29964982491401
13.3241254999267493 8604.30215107553886
13.3357659042018426 8609.3046523261637
13.3474110211084387 8614.30715357678855
13.3590608699645088 8619.30965482741522
13.370715436793434 8624.31215607804006
13.3823747164881262 8629.31465732866491
13.3940387092439401 8634.31715857928975
13.4057074152533033 8639.31965982991642
13.4173808347056944 8644.32216108054126
13.4290589874245736 8649.32466233116611
13.4407418563002814 8654.32716358179096
13.4524294388083803 8659.32966483241762
13.4641217351276463 8664.33216608304247
13.4758187454340082 8669.33466733366731
13.4875204699005238 8674.33716858429216
13.4992269171641315 8679.33966983491882
13.5109380903965572 8684.34217108554367
13.522653977934608 8689.34467233616851
13.5343745799409003 8694.34717358679336
13.5460998965752246 8699.34967483742003
13.5578299279945842 8704.35217608804487
13.5695646743531952 8709.35467733866972
13.5813041394980427 8714.35717858929456
13.5930483337589809 8719.35967983992123
13.6047972430543727 8724.36218109054607
13.6165508675282485 8729.36468234117092
13.6283092073219265 8734.36718359179577
13.6400722625739945 8739.36968484242243
13.6518400334203136 8744.37218609304728
13.6636125199940839 8749.37468734367212
13.6753897224257734 8754.37718859429697
13.6871716542349233 8759.37968984492363
13.6989583033192268 8764.38219109554848
13.7107496682933583 8769.38469234617332
13.7225457492779856 8774.38719359679817
13.7343465463911318 8779.38969484742483
13.7461520597481748 8784.39219609804968
13.7579622894618954 8789.39469734867453
13.7697772356424668 8794.39719859930119
13.7815968983974351 8799.39969984992604
13.7934212778317953 8804.40220110055088
13.8052503828218978 8809.40470235117573
13.8170842071865767 8814.40720360180239
13.8289227481945698 8819.40970485242724
13.8407660059414113 8824.41220610305209
13.8526139805200916 8829.41470735367693
13.8644666720210594 8834.4172086043036
13.8763240805322567 8839.41970985492844
13.8881862061391033 8844.42221110555329
13.9000530489245335 8849.42471235617813
13.9119246089689721 8854.4272136068048
13.9238008863503744 8859.42971485742964
13.9356818811442214 8864.43221610805449
13.9475675934235301 8869.43471735867934
13.9594580232588754 8874.437218609306
13.9713531736495238 8879.43971985993085
13.9832530455465474 8884.44222111055569
13.9951576348719406 8889.44472236118054
14.0070669416873326 8894.4472236118072
14.0189809660519167 8899.44972486243205
14.0308997080225222 8904.45222611305689
14.0428231676535749 8909.45472736368174
14.0547513449971344 8914.45722861430841
14.0666842401028589 8919.45972986493325
14.0786218530180829 8924.4622311155581
14.0905641837877624 8929.46473236618294
14.1025112324545354 8934.46723361680961
14.1144629990586825 8939.46973486743445
14.1264194836381698 8944.4722361180593
14.1383806862286558 8949.47473736868415
14.15034660686349 8954.47723861931081
14.1623172455737087 8959.47973986993566
14.1742926023880838 8964.4822411205605
14.1862726773330952 8969.48474237118717
14.1982574704329441 8974.48724362181201
14.210246981709588 8979.48974487243686
14.2222412111827285 8984.4922461230617
14.2342401588698149 8989.49474737368837
14.2462438247860614 8994.49724862431322
14.2582522089444605 8999.49974987493806
14.2702653113557805 9004.50225112556291
14.2822831320285992 9009.50475237618957
14.2943056709692637 9014.50725362681442
14.3063329281819573 9019.50975487743926
14.3183649036686553 9024.51225612806411
14.3304015974291854 9029.51475737869077
14.3424430094611797 9034.51725862931562
14.3544891397601244 9039.51975987994047
14.3665399883193601 9044.52226113056531
14.3785955551300884 9049.52476238119198
14.3906558401813562 9054.52726363181682
14.4027208434601146 9059.52976488244167
14.4147905649511774 9064.53226613306651
14.4268650046372553 9069.53476738369318
14.4389441624989594 9074.53726863431802
14.4510280385148029 9079.53976988494287
14.4631166326612277 9084.54227113556772
14.4752099449125957 9089.54477238619438
14.4873079752411869 9094.54727363681923
14.4994107236172294 9099.54977488744407
14.5115181943239513 9104.55227613806892
14.5236303858315896 9109.55477738869558
14.5357472955773126 9114.55727863932043
14.5478689235225058 9119.55977988994528
14.5599952696265618 9124.56228114057012
14.5721263338468336 9129.56478239119679
14.5842621161386852 9134.56728364182163
14.5964026164554834 9139.56978489244648
14.6085478347486042 9144.57228614307132
14.6206977709674533 9149.57478739369799
14.6328524250594487 9154.57728864432283
14.6450117969700546 9159.57978989494768
14.6571758866427899 9164.58229114557435
14.6693446940191841 9169.58479239619919
14.681518222226785 9174.58729364682404
14.6936964760880784 9179.58979489744888
14.7058794477488668 9184.59229614807555
14.7180671371423291 9189.59479739870039
14.7302595441997397 9194.59729864932524
14.7424566688504797 9199.59979989995009
14.7546585110220132 9204.60230115057675
14.7668650706399323 9209.6048024012016
14.7790763476279512 9214.60730365182644
14.7912923419078943 9219.60980490245129
14.8035130554659826 9224.61230615307795
14.8157384982417284 9229.6148074037028
14.8279686583399428 9234.61730865432764
14.8402035356744086 9239.61980990495249
14.852443130157079 9244.62231115557915
14.8646874416980594 9249.624812406204
14.876936470205651 9254.62731365682885
14.8891902155863303 9259.62981490745369
14.9014486777447868 9264.63231615808036
14.9137118704191192 9269.6348174087052
14.9259797825502059 9274.63731865933005
14.9382524114327424 9279.63981990995489
14.9505297569636362 9284.64232116058156
14.9628118190379968 9289.64482241120641
14.9750985975492004 9294.64732366183125
14.9873900923888552 9299.6498249124561
14.9996863150765876 9304.65232616308276
15.0119872609234282 9309.65482741370761
15.0242929230290745 9314.65732866433245
15.0366033012775624 9319.6598299149573
15.0489183955512278 9324.66233116558396
15.0612382057306515 9329.66483241620881
15.0735627351350665 9334.66733366683366
15.0858919971216547 9339.66983491746032
15.0982259749078676 9344.67233616808517
15.1105646683669317 9349.67483741871001
15.1229080773703703 9354.67733866933486
15.1352562017880548 9359.67983991996152
15.147609047318852 9364.68234117058637
15.1599666241835251 9369.68484242121121
15.1723289163206427 9374.68734367183606
15.1846959235928445 9379.68984492246273
15.1970676458611305 9384.69234617308757
15.2094440829848647 9389.69484742371242
15.2218252534786664 9394.69734867433726
15.2342111435326757 9399.69984992496393
15.2466017482654923 9404.70235117558877
15.2589970675294264 9409.70485242621362
15.2713971011752143 9414.70735367683847
15.2838018658237758 9419.70985492746513
15.2962113527845229 9424.71235617808998
15.3086255539217291 9429.71485742871482
15.3210444690791991 9434.71735867933967
15.3334680980991855 9439.71985992996633
15.3458964629308365 9444.72236118059118
15.3583295455439224 9449.72486243121602
15.370767341785939 9454.72736368184087
15.3832098514923583 9459.72986493246754
15.3956570816548872 9464.73236618309238
15.4081090452179996 9469.73486743371723
15.4205657219894139 9474.73736868434207
15.4330271117979336 9479.73986993496874
15.4454932144708348 9484.74237118559358
15.4579640552141342 9489.74487243621843
15.4704396118337471 9494.74737368684328
15.4829198810344337 9499.74987493746994
15.4954048626369403 9504.75237618809479
15.5078945772589023 9509.75487743871963
15.5203890129213864 9514.7573786893463
15.5328881606806224 9519.75987993997114
15.5453920203509242 9524.76238119059599
15.5579006125434027 9529.76488244122083
15.5704139263211783 9534.7673836918475
15.582931951683527 9539.76988494247234
15.5954546884384513 9544.77238619309719
15.6079821617312113 9549.77488744372204
15.6205143525762917 9554.7773886943487
15.6330512544663662 9559.77988994497355
15.6455928689017441 9564.78239119559839
15.6581392249661953 9569.78489244622324
15.6706902917120559 9574.7873936968499
15.6832460689363398 9579.78989494747475
15.6958065706112802 9584.7923961980996
15.7083718018803022 9589.79489744872444
15.7209417432436425 9594.79739869935111
15.7335163944922609 9599.79989994997595
15.7460957864995716 9604.8024012006008
15.7586798916011261 9609.80490245122564
15.771268706183653 9614.80740370185231
15.7838622469238796 9619.80990495247715
15.7964605153109883 9624.812406203102
15.8090634927593889 9629.81490745372685
15.8216711843348019 9634.81740870435351
15.83428361550353 9639.81990995497836
15.8469007552987051 9644.8224112056032
15.8595226034963233 9649.82491245622805
15.8721491931390819 9654.82741370685471
15.884780494711439 9659.82991495747956
15.8974165042319644 9664.83241620810441
15.9100572490098653 9669.83491745872925
15.9227027117398876 9674.83741870935592
15.9353528819490471 9679.83991995998076
15.9480077837418559 9684.84242121060561
15.96066740696069 9689.84492246123045
15.9733317371750125 9694.84742371185712
15.9860007977966241 9699.84992496248196
15.9986745807866164 9704.85242621310681
16.011353070274037 9709.85492746373347
16.0240362914731556 9714.85742871435832
16.0367242334684157 9719.85992996498317
16.0494168814487779 9724.86243121560801
16.0621142649096278 9729.86493246623468
16.0748163650965843 9734.86743371685952
16.0875231707422337 9739.86993496748437
16.100234718085197 9744.87243621810921
16.1129509756031375 9749.87493746873588
16.1256719415023468 9754.87743871936073
16.1383976508217621 9759.87993996998557
16.1511280647633484 9764.88244122061042
16.1638631974323381 9769.88494247123708
16.1766030627856807 9774.88744372186193
16.1893476321974923 9779.88994497248677
16.2020969330877023 9784.89244622311162
16.2148509534894778 9789.89494747373828
16.2276096773725556 9794.89744872436313
16.2403731478740347 9799.89994997498798
16.2531413222935726 9804.90245122561282
16.2659142162437007 9809.90495247623949
16.278691841045994 9814.90745372686433
16.291474168407909 9819.90995497748918
16.304261234470907 9824.91245622811402
16.3170530117089108 9829.91495747874069
16.3298495033736941 9834.91745872936553
16.3426507302970769 9839.91995997999038
16.3554566588204544 9844.92246123061523
16.3682673249272703 9849.92496248124189
16.3810827025771744 9854.92746373186674
16.3939027963192565 9859.92996498249158
16.4067276228686687 9864.93246623311643
16.4195571500212623 9869.93496748374309
16.4323914203650894 9874.93746873436794
16.4452303958071226 9879.93996998499279
16.4580740957021092 9884.94247123561945
16.4709225191709443 9889.9449724862443
16.4837756494811671 9894.94747373686914
16.496633520699632 9899.94997498749399
16.5094960911048254 9904.95247623812065
16.5223634009462756 9909.9549774887455
16.5352354184203314 9914.95747873937034
16.5481121604303141 9919.95997998999519
16.5609936246613572 9924.96248124062186
16.5738797996378295 9929.9649824912467
16.5867707102998274 9934.96748374187155
16.5996663190217575 9939.96998499249639
16.612566675774648 9944.97248624312306
16.6254717298173595 9949.9749874937479
16.6383815214919295 9954.97748874437275
16.651296020856126 9959.9799899949976
16.6642152478252292 9964.98249124562426
16.6771391921373002 9969.98499249624911
16.6900678551157746 9974.98749374687395
16.7030012439884281 9979.9899949974988
16.7159393436727406 9984.99249624812546
16.7288821767051061 9989.99499749875031
16.7418297137734022 9994.99749874937515
16.754781990551141 10000
