0 0
0.00453472354068318057 5.00250125062531303
0.00905868942125349387 10.0050025012506261
0.0135720721206781907 15.0075037518759391
0.0180749682129255455 20.0100050025012521
0.0225671988270073759 25.0125062531265669
0.0270493737777086976 30.0150075037518782
0.0315216555975072754 35.0175087543771895
0.0359842041457608119 40.0200100050025043
0.0404367601260103918 45.0225112556278191
0.0448798948297328693 50.0250125062531339
0.0493137787075479603 55.0275137568784416
0.0537385608882963092 60.0300150075037564
0.0581542525001519373 65.0325162581290641
0.0625609039559991975 70.0350175087543789
0.066958903166463371 75.0375187593796937
0.0713483894120915674 80.0400200100050085
0.0757294997597677405 85.0425212606303234
0.0801022884304975757 90.0450225112556382
0.0844667427391346121 95.047523761880953
0.0888232335283554303 100.050025012506268
0.093171888992016158 105.052526263131568
0.0975128353244775065 110.055027513756883
0.101846196758320837 115.057528764382198
0.106171968043331399 120.060030015007513
0.110490278074645426 125.062531265632828
0.114801376185568405 130.065032516258128
0.11910537875454244 135.067533766883457
0.123402400384709579 140.070035017508758
0.127692553936828462 145.072536268134087
0.131975950561498662 150.075037518759387
0.136252527856359162 155.077538769384716
0.140522548101675332 160.080040020010017
0.144786144312493287 165.082541270635318
0.149043420803096155 170.085042521260647
0.153294480336968131 175.087543771885947
0.157539424154998664 180.090045022511276
0.161778352003105003 185.092546273136577
0.16601136215928608 190.095047523761906
0.170238408930598911 195.097548774387207
0.174459734364211194 200.100050025012536
0.178675435655608478 205.102551275637836
0.182885605226023346 210.105052526263137
0.187090334162557409 215.107553776888466
0.191289712241928589 220.110055027513766
0.195483827953739947 225.112556278139095
0.199672768523278199 230.115057528764396
0.203856619933854566 235.117558779389725
0.208035458665172507 240.120060030015026
0.212209288320588219 245.122561280640326
0.216378284910763774 250.125062531265655
0.220542529475203669 255.127563781890956
0.224702101921872677 260.130065032516256
0.228857081046863087 265.132566283141614
0.233007544553673285 270.135067533766914
0.237153569072105219 275.137568784392215
0.241295230176789721 280.140070035017516
0.245432602405347033 285.142571285642816
0.249565759276191623 290.145072536268174
0.253694773305987165 295.147573786893474
0.257819716026761625 300.150075037518775
0.26194065800268701 305.152576288144076
0.266057654670236399 310.155077538769433
0.270170752617756083 315.157578789394734
0.274280059113102603 320.160080040020034
0.278385640883011376 325.162581290645335
0.282487563769211414 330.165082541270635
0.286585892743255854 335.167583791895993
0.290680691921067047 340.170085042521293
0.294772024577202751 345.172586293146594
0.298859953158849168 350.175087543771895
0.302944539299545845 355.177588794397252
0.307025843832648859 360.180090045022553
0.311103926804537856 365.182591295647853
0.315178847487571134 370.185092546273154
0.319250664392795203 375.187593796898454
0.323319435282414025 380.190095047523812
0.327385217182020738 385.192596298149112
0.331448066392600105 390.195097548774413
0.33550803850230404 395.197598799399714
0.339565188398005036 400.200100050025071
0.34361957027663298 405.202601300650372
0.347671237656299814 410.205102551275672
0.351720243387215081 415.207603801900973
0.35576663966239791 420.210105052526274
0.359810478028189273 425.212606303151631
0.363851809394567627 430.215107553776932
0.367890684045274474 435.217608804402232
0.371927151647749754 440.220110055027533
0.375961261262885094 445.222611305652833
0.379993061354595485 450.225112556278191
0.384022599799214215 455.227613806903491
0.388049920921309521 460.230115057528792
0.39207507096980998 465.232616308154093
0.396098100374277728 470.23511755877945
0.400119054702631816 475.237618809404751
0.404137978981378598 480.240120060030051
0.408154917703972497 485.242621310655352
0.412169914839026652 490.245122561280652
0.416183013838372251 495.24762381190601
0.420194257644972313 500.250125062531311
0.424203688700693027 505.252626313156611
0.428211348953932647 510.255127563781912
0.43221727986711328 515.257628814407212
0.436221522424038111 520.260130065032513
0.440224117137115678 525.262631315657814
0.444225104054454478 530.265132566283228
0.448224522766829725 535.267633816908528
0.452222412414526098 540.270135067533829
0.456218811694058313 545.27263631815913
0.460213758864770506 550.27513756878443
0.46420729175531944 555.277638819409731
0.468199447770041632 560.280140070035031
0.472190263895207796 565.282641320660332
0.476179776705166258 570.285142571285633
0.480168022368377745 575.287643821911047
0.484155036653343862 580.290145072536347
0.488140854934430657 585.292646323161648
0.492125512197589987 590.295147573786949
0.49610904304598108 595.297648824412249
0.500091481705491669 600.30015007503755
0.504072862030164659 605.30265132566285
0.50805321750752952 610.305152576288151
0.512032579007704713 615.307653826913452
0.516010981313596018 620.310155077538866
0.51998845715927311 625.312656328164167
0.523965038629818358 630.315157578789467
0.527940757468374655 635.317658829414768
0.531915645080966004 640.320160080040068
0.535889732541235952 645.322661330665369
0.539863050595103644 650.32516258129067
0.543835629665340381 655.32766383191597
0.547807499856066471 660.330165082541271
0.551778690957173024 665.332666333166685
0.555749232448665587 670.335167583791986
0.559719153504937283 675.337668834417286
0.563688482998964902 680.340170085042587
0.567657249506437034 685.342671335667887
0.571625481309810279 690.345172586293188
0.575593206402298718 695.347673836918489
0.579560452491793332 700.350175087543789
0.583527247004718141 705.35267633816909
0.587493617089819509 710.355177588794504
0.591459589621892712 715.357678839419805
0.595425191205446236 720.360180090045105
0.599390448178304336 725.362681340670406
0.60335538661514998 730.365182591295707
0.607320032331008286 735.367683841921007
0.61128441088467278 740.370185092546308
0.615248547582074479 745.372686343171608
0.619212467479595352 750.375187593796909
0.62317619538732727 755.377688844422323
0.627139755872277105 760.380190095047624
0.631103173261519323 765.382691345672924
0.635066471645297281 770.385192596298225
0.639029674880072562 775.387693846923526
0.642992806591527133 780.390195097548826
0.646955890177512871 785.392696348174127
0.650918948810957465 790.395197598799427
0.654882005442719684 795.397698849424728
0.658845082804401017 800.400200100050142
0.662808203411109798 805.402701350675443
0.66677138956418347 810.405202601300743
0.67073466335386478 815.407703851926044
0.674698046661936668 820.410205102551345
0.678661561164313865 825.412706353176645
0.682625228333595069 830.415207603801946
0.686589069441572386 835.417708854427246
0.690553105561702796 840.420210105052547
0.694517357571539207 845.422711355677848
0.698481846155124431 850.425212606303262
0.702446591805346521 855.427713856928563
0.706411614826257361 860.430215107553863
0.710376935335355952 865.432716358179164
0.71434257326583428 870.435217608804464
0.718308548368789657 875.437718859429765
0.722274880215402426 880.440220110055066
0.726241588199079691 885.442721360680366
0.730208691537565513 890.445222611305667
0.734176209275020475 895.447723861931081
0.738144160284066153 900.450225112556382
0.742112563267801617 905.452726363181682
0.746081436761787176 910.455227613806983
0.750050800694782249 915.457728864432283
0.754020672246756618 920.460230115057584
0.757991069031498155 925.462731365682885
0.761962008926783119 930.465232616308185
0.765933509652274469 935.467733866933486
0.769905588771336524 940.4702351175589
0.773878263692822754 945.472736368184201
0.777851551672836816 950.475237618809501
0.781825469816466834 955.477738869434802
0.785800035079495029 960.480240120060103
0.78977526427008049 965.482741370685403
0.793751174050417729 970.485242621310704
0.797727780938371489 975.487743871936004
0.801705101309085233 980.490245122561305
0.805683151396568875 985.492746373186719
0.809661947295261752 990.49524762381202
0.813641504961571838 995.49774887443732
0.817621840215395079 1000.50025012506262
0.821602968741610318 1005.50275137568792
0.825584906091553439 1010.50525262631322
0.829567667684471433 1015.50775387693852
0.833551268808953583 1020.51025512756382
0.837535724624343225 1025.51275637818912
0.841521050162128526 1030.51525762881442
0.845507260327316046 1035.51775887943973
0.849494369899780222 1040.52026013006503
0.853482393535598627 1045.52276138069033
0.857471345768364146 1050.52526263131563
0.861461241010482159 1055.52776388194115
0.865452093554447077 1060.53026513256646
0.869443917574102887 1065.53276638319176
0.873436727125883716 1070.53526763381706
0.877430536150040297 1075.53776888444236
0.881425358471846554 1080.54027013506766
0.885421207802791543 1085.54277138569296
0.8894180977417534 1090.54527263631826
0.893416041776159076 1095.54777388694356
0.897415053283125652 1100.55027513756886
0.901415145530589434 1105.55277638819416
0.905416331678415842 1110.55527763881946
0.909418624779497864 1115.55777888944476
0.913422037780837193 1120.56028014007006
0.917426583524611927 1125.56278139069536
0.921432274749229618 1130.56528264132066
0.925439124090366882 1135.56778389194596
0.929447144081993248 1140.57028514257127
0.933456347157385014 1145.57278639319679
0.937466745650121114 1150.57528764382209
0.941478351795069224 1155.57778889444739
0.945491177729358201 1160.58029014507269
0.949505235493337318 1165.582791395698
0.95352053703152162 1170.5852926463233
0.957537094193529392 1175.5877938969486
0.961554918735000874 1180.5902951475739
0.96557402231851186 1185.5927963981992
0.969594416514470092 1190.5952976488245
0.973616112802004552 1195.5977988994498
0.977639122569838981 1200.6003001500751
0.981663457117157745 1205.6028014007004
0.985689127654460262 1210.6053026513257
0.989716145304401773 1215.607803901951
0.993744521102627121 1220.6103051525763
0.997774265998591647 1225.6128064032016
1.00180539085637332 1230.6153076538269
1.00583790645547255 1235.61780890445243
1.00987182349160465 1240.62031015507773
1.01390715257748121 1245.62281140570303
1.01794390424358161 1250.62531265632833
1.0219820889389144 1255.62781390695363
1.02602171703177114 1260.63031515757893
1.03006279881047025 1265.63281640820423
1.03410534483302219 1270.63531765882954
1.03814937245095518 1275.63781890945484
1.04219488451197217 1280.64032016008014
1.04624189099677189 1285.64282141070544
1.05029040180960598 1290.64532266133074
1.05434042677896977 1295.64782391195604
1.05839197565828713 1300.65032516258134
1.06244505812658296 1305.65282641320664
1.06649968378915294 1310.65532766383194
1.07055586217821896 1315.65782891445724
1.07461360275358309 1320.66033016508254
1.07867291490326944 1325.66283141570784
1.08273380794416152 1330.66533266633337
1.08679629112262943 1335.66783391695867
1.09086037361515209 1340.67033516758397
1.09492606452893027 1345.67283641820927
1.09899337290249588 1350.67533766883457
1.10306230770630997 1355.67783891945987
1.10713287784335557 1360.68034017008517
1.1112050921497254 1365.68284142071047
1.1152789593952015 1370.68534267133577
1.11935448828382733 1375.68784392196108
1.12343168745447541 1380.69034517258638
1.12751056548140705 1385.69284642321168
1.13159113087482655 1390.69534767383698
1.13567339208142859 1395.69784892446228
1.13975735748494045 1400.70035017508758
1.1438430354066571 1405.70285142571288
1.14793043410597195 1410.70535267633818
1.15201956178089837 1415.70785392696348
1.15611042656859153 1420.71035517758901
1.16020305477081442 1425.71285642821431
1.16429743777005013 1430.71535767883961
1.16839358244520741 1435.71785892946491
1.17249149669816854 1440.72036018009021
1.17659118837241006 1445.72286143071551
1.18069266525349015 1450.72536268134081
1.18479593506952718 1455.72786393196611
1.18890100549167643 1460.73036518259141
1.19300788413459924 1465.73286643321671
1.19711657855692777 1470.73536768384201
1.20122709626172575 1475.73786893446731
1.2053394446969441 1480.74037018509262
1.20945363125586924 1485.74287143571792
1.21356966327757232 1490.74537268634322
1.21768754804734725 1495.74787393696852
1.22180729279714884 1500.75037518759382
1.22592890470602311 1505.75287643821912
1.23005239090053786 1510.75537768884465
1.23417777052532829 1515.75787893946995
1.23830505474734198 1520.76038019009525
1.24243423489892701 1525.76288144072055
1.24656531790299963 1530.76538269134585
1.25069831063202552 1535.76788394197115
1.25483321990842067 1540.77038519259645
1.2589700525049492 1545.77288644322175
1.26310881514511797 1550.77538769384705
1.26724951450356671 1555.77788894447235
1.27139215720645415 1560.78039019509765
1.27553674983183907 1565.78289144572295
1.2796832989100615 1570.78539269634825
1.28383181092411558 1575.78789394697355
1.28798229231002126 1580.79039519759885
1.29213475073164341 1585.79289644822416
1.29628922552197956 1590.79539769884946
1.30044568932711124 1595.79789894947476
1.3046041484001758 1600.80040020010028
1.30876460894909852 1605.80290145072559
1.31292707713694656 1610.80540270135089
1.31709155908227071 1615.80790395197619
1.32125806085945285 1620.81040520260149
1.3254265884990426 1625.81290645322679
1.32959714798809703 1630.81540770385209
1.3337697452705124 1635.81790895447739
1.33794438624735434 1640.82041020510269
1.34212107677718695 1645.82291145572799
1.34629986174283611 1650.82541270635329
1.35048071159164684 1655.82791395697859
1.35466362895667491 1660.83041520760389
1.35884861953048741 1665.83291645822919
1.36303568896470662 1670.83541770885449
1.36722484287031976 1675.83791895947979
1.37141608681798477 1680.84042021010509
1.37560942633833538 1685.84292146073039
1.37980486692228044 1690.8454227113557
1.38400241402130253 1695.84792396198122
1.38820208826829505 1700.85042521260652
1.39240391314410394 1705.85292646323182
1.39660786131181625 1710.85542771385713
1.40081393806853538 1715.85792896448243
1.4050221486733605 1720.86043021510773
1.40923249834766806 1725.86293146573303
1.41344499227539333 1730.86543271635833
1.41765963560330577 1735.86793396698363
1.42187643344128478 1740.87043521760893
1.42609539086259307 1745.87293646823423
1.43031655526611723 1750.87543771885953
1.43453990147373145 1755.87793896948483
1.43876542293519161 1760.88044022011013
1.44299312458000561 1765.88294147073543
1.44722301130236475 1770.88544272136073
1.4514550879614021 1775.88794397198603
1.45568935938144817 1780.89044522261133
1.45992583035228463 1785.89294647323686
1.46416451009161186 1790.89544772386216
1.46840545378309706 1795.89794897448746
1.47264861186559592 1800.90045022511276
1.47689398899296442 1805.90295147573806
1.48114158978572519 1810.90545272636336
1.48539141883130799 1815.90795397698867
1.48964348068428754 1820.91045522761397
1.4938977798666202 1825.91295647823927
1.49815432198906451 1830.91545772886457
1.50241317362221727 1835.91795897948987
1.50667427663805453 1840.92046023011517
1.51093763542993309 1845.92296148074047
1.51520325435972536 1850.92546273136577
1.51947113775804721 1855.92796398199107
1.52374128992448066 1860.93046523261637
1.5280137151277946 1865.93296648324167
1.5322884515020101 1870.93546773386697
1.53656550488760213 1875.9379689844925
1.54084484461722337 1880.9404702351178
1.54512647483789967 1885.9429714857431
1.5494103996669093 1890.9454727363684
1.55369662319198842 1895.9479739869937
1.55798514947154332 1900.950475237619
1.5622760127324371 1905.9529764882443
1.5665692304636869 1910.9554777388696
1.5708647636355979 1915.9579789894949
1.57516261619046993 1920.96048024012021
1.5794627920422788 1925.96298149074551
1.58376529507687058 1930.96548274137081
1.58807012915216128 1935.96798399199611
1.59237735335412323 1940.97048524262141
1.59668693937223227 1945.97298649324671
1.60099886852376749 1950.97548774387201
1.60531314455587815 1955.97798899449731
1.60962977118872952 1960.98049024512261
1.61394875211569677 1965.98299149574791
1.61827011853714176 1970.98549274637344
1.62259390129565939 1975.98799399699874
1.62692004995350237 1980.99049524762404
1.63124856809761276 1985.99299649824934
1.63557945928904758 1990.99549774887464
1.63991272706315505 1995.99799899949994
1.64424839634645892 2001.00050025012524
1.64858651396217759 2006.00300150075054
1.65292701929642227 2011.00550275137584
1.65726991578225724 2016.00800400200114
1.66161520682790376 2021.01050525262644
1.66596289581691037 2026.01300650325175
1.67031302344130728 2031.01550775387705
1.67466560846764256 2036.01800900450235
1.6790206021212466 2041.02051025512765
1.68337800768734969 2046.02301150575295
1.68773782842733611 2051.02551275637825
1.69210006757890774 2056.02801400700355
1.6964648039984036 2061.03051525762885
1.70083198363064159 2066.03301650825415
1.70520159192312382 2071.03551775887945
1.70957363201902757 2076.03801900950475
1.71394810703863731 2081.04052026013005
1.71832505940761204 2086.04302151075535
1.72270451085791265 2091.04552276138065
1.72708640713010642 2096.04802401200595
1.73147075125298122 2101.05052526263125
1.73585754623319288 2106.05302651325701
1.74024681376089418 2111.05552776388231
1.74463861998543912 2116.05802901450761
1.74903288662564238 2121.06053026513291
1.75342961659958418 2126.06303151575821
1.75782881280394632 2131.06553276638351
1.76223049207374194 2136.06803401700881
1.76663473323088915 2141.07053526763411
1.77104144984717693 2146.07303651825941
1.77545064473353253 2151.07553776888471
1.77986232068018846 2156.07803901951002
1.78427650570326857 2161.08054027013532
1.78869325923630829 2166.08304152076062
1.79311250273870337 2171.08554277138592
1.79753423891765785 2176.08804402201122
1.80195847046036128 2181.09054527263652
1.80638525272891859 2186.09304652326182
1.81081459344625828 2191.09554777388712
1.81524643812635489 2196.09804902451242
1.81968078937599831 2201.10055027513772
1.82411764978262325 2206.10305152576302
1.8285571183224878 2211.10555277638832
1.83299911847536046 2216.10805402701362
1.83744363608348649 2221.11055527763892
1.84189067365644266 2226.11305652826422
1.84634027377854681 2231.11555777888952
1.85079247510776734 2236.11805902951482
1.8552472044655457 2241.12056028014013
1.8597044642855618 2246.12306153076543
1.86416425698326438 2251.12556278139073
1.86862669824358929 2256.12806403201603
1.87309168351013566 2261.13056528264133
1.87755920943333754 2266.13306653326663
1.88202927835513689 2271.13556778389193
1.88650197328085656 2276.13806903451723
1.89097725741094469 2281.14057028514253
1.89545509209637664 2286.14307153576783
1.89993547960743925 2291.14557278639359
1.90441848089492982 2296.14807403701889
1.9089041056660907 2301.15057528764419
1.91339229060264571 2306.15307653826949
1.91788303790502135 2311.15557778889479
1.92237639713603081 2316.15807903952009
1.92687240317506636 2321.16058029014539
1.93137097870781949 2326.16308154077069
1.93587212586661339 2331.16558279139599
1.94037589352502016 2336.16808404202129
1.94488232033393449 2341.17058529264659
1.94939132568991069 2346.17308654327189
1.95390291165887175 2351.17558779389719
1.95841713714743326 2356.17808904452249
1.96293402312879683 2361.18059029514779
1.96745349644216594 2366.1830915457731
1.97197555908872979 2371.1855927963984
1.97650029074578981 2376.1880940470237
1.98102767322754603 2381.190595297649
1.98555765156427366 2386.1930965482743
1.99009022769404287 2391.1955977988996
1.99462551281020151 2396.1980990495249
1.99916342806992642 2401.2006003001502
2.00370394745187586 2406.2031015507755
2.00824708468761237 2411.2056028014008
2.01279295766728428 2416.2081040520261
2.0173414409559185 2421.2106053026514
2.02189253638442556 2426.2131065532767
2.02644630814421944 2431.215607803902
2.03100277556741204 2436.2181090545273
2.03556186113245907 2441.2206103051526
2.04012356661138927 2446.2231115557779
2.04468801739755346 2451.22561280640321
2.04925511277031358 2456.22811405702851
2.05382483387853121 2461.23061530765381
2.05839723132430796 2466.23311655827911
2.06297235576493998 2471.23561780890486
2.06755011162903957 2476.23811905953016
2.07213050058863058 2481.24062031015546
2.07671365337321356 2486.24312156078076
2.08129946271754829 2491.24562281140607
2.08588791067232338 2496.24812406203137
2.09047906765843017 2501.25062531265667
2.09507294881145034 2506.25312656328197
2.09966947396165438 2511.25562781390727
2.10426865950667485 2516.25812906453257
2.10887063040718514 2521.26063031515787
2.11347525056563645 2526.26313156578317
2.11808252151831233 2531.26563281640847
2.12269256684639007 2536.26813406703377
2.12730529944461866 2541.27063531765907
2.13192068793474698 2546.27313656828437
2.13653881633193032 2551.27563781890967
2.141159678426233 2556.27813906953497
2.14578320138918377 2561.28064032016027
2.15040943594378398 2566.28314157078557
2.15503844422119117 2571.28564282141087
2.15967011822517385 2576.28814407203618
2.16430448165478406 2581.29064532266148
2.16894165243895642 2586.29314657328678
2.17358149369087261 2591.29564782391208
2.1782240083462292 2596.29814907453738
2.18286935760326228 2601.30065032516268
2.18751738195447931 2606.30315157578798
2.19216808273549901 2611.30565282641328
2.1968216131674887 2616.30815407703858
2.20147783611953596 2621.31065532766388
2.20613673997953352 2626.31315657828918
2.21079847152989295 2631.31565782891448
2.2154629082400743 2636.31815907953978
2.22013003022624567 2641.32066033016508
2.22479998404868295 2646.32316158079038
2.22947264933561318 2651.32566283141568
2.23414800415838366 2656.32816408204144
2.23882620105694885 2661.33066533266674
2.24350710940600795 2666.33316658329204
2.24819071144445326 2671.33566783391734
2.2528771718774272 2676.33816908454264
2.25756633744613833 2681.34067033516794
2.26225820876688744 2686.34317158579324
2.26695294483711862 2691.34567283641854
2.27165038146044962 2696.34817408704384
2.2763505505167041 2701.35067533766914
2.28105356728174824 2706.35317658829445
2.28575928847733367 2711.35567783891975
2.29046777482509833 2716.35817908954505
2.29517908559006134 2721.36068034017035
2.29989310456334639 2726.36318159079565
2.30460992742683768 2731.36568284142095
2.30932954518796008 2736.36818409204625
2.31405187483727737 2741.37068534267155
2.31877705311279803 2746.37318659329685
2.32350499056249138 2751.37568784392215
2.32823564418527429 2756.37818909454745
2.33296919574386585 2761.38069034517275
2.3377054652756577 2766.38319159579805
2.34244450594989573 2771.38569284642335
2.34718639826466635 2776.38819409704865
2.35193101197807719 2781.39069534767395
2.35667845774409201 2786.39319659829926
2.36142870271712857 2791.39569784892456
2.36618167242247646 2796.39819909954986
2.37093754100658716 2801.40070035017516
2.37569615025389602 2806.40320160080046
2.38045754168694312 2811.40570285142576
2.38522179629537456 2816.40820410205106
2.38998878115156721 2821.41070535267636
2.39475862512083948 2826.41320660330166
2.39953126330086564 2831.41570785392696
2.40430665112710784 2836.41820910455272
2.40908494823566466 2841.42071035517802
2.4138659808588816 2846.42321160580332
2.41864985009167954 2851.42571285642862
2.42343654929474228 2856.42821410705392
2.42822598696347569 2861.43071535767922
2.4330183540093171 2866.43321660830452
2.4378134657278614 2871.43571785892982
2.44261140870888527 2876.43821910955512
2.44741219975078339 2881.44072036018042
2.45221573414383975 2886.44322161080572
2.457022202486149 2891.44572286143102
2.46183142337395777 2896.44822411205632
2.46664348721952376 2901.45072536268162
2.47145839967476766 2906.45322661330692
2.47627606706940018 2911.45572786393222
2.481096676084797 2916.45822911455753
2.48592003499421388 2921.46073036518283
2.49074626547755118 2926.46323161580813
2.49557532771185997 2931.46573286643343
2.50040718056278122 2936.46823411705873
2.50524195092083657 2941.47073536768403
2.51007947551464294 2946.47323661830933
2.51491991709116602 2951.47573786893463
2.51976315629322078 2956.47823911955993
2.52460923853241459 2961.48074037018523
2.52945819695260132 2966.48324162081053
2.53430992739495009 2971.48574287143583
2.53916460956782286 2976.48824412206113
2.54402205178030139 2981.49074537268643
2.54888240605673433 2986.49324662331173
2.55374557812466962 2991.49574787393703
2.55861159818124939 2996.49824912456234
2.5634805044568858 3001.50075037518764
2.56835219754860189 3006.50325162581294
2.57322684231145526 3011.50575287643824
2.57810425250892861 3016.50825412706354
2.5829846030701793 3021.51075537768929
2.58786775748983278 3026.51325662831459
2.59275379796339989 3031.51575787893989
2.59764270070890602 3036.51825912956519
2.60253443807124096 3041.5207603801905
2.60742909317607419 3046.5232616308158
2.61232653432484696 3051.5257628814411
2.61722694575299064 3056.5282641320664
2.62213012903488085 3061.5307653826917
2.62703626915426236 3066.533266633317
2.63194521404002213 3071.5357678839423
2.63685707394868096 3076.5382691345676
2.64177178423447767 3081.5407703851929
2.64668937056044395 3086.5432716358182
2.65160984997538707 3091.5457728864435
2.65653316927037242 3096.5482741370688
2.66145942147719738 3101.5507753876941
2.66638848021712871 3106.5532766383194
2.67132050881286931 3111.5557778889447
2.67625531631223756 3116.55827913957
2.68119312191508508 3121.5607803901953
2.68613371055648642 3126.56328164082061
2.69107727057744173 3131.56578289144591
2.69602364379948289 3136.56828414207121
2.70097296445565505 3141.57078539269651
2.70592512563356813 3146.57328664332181
2.71088021306874305 3151.57578789394711
2.71583816551503565 3156.57828914457241
2.72079902580021571 3161.58079039519771
2.72576277276531576 3166.58329164582301
2.73072941189925089 3171.58579289644831
2.73569895657214612 3176.58829414707361
2.74067138048186942 3181.59079539769891
2.74564672599074244 3186.59329664832421
2.7506249405321066 3191.59579789894951
2.75560608994496103 3196.59829914957481
2.76059010090316992 3201.60080040020057
2.76557705722845704 3206.60330165082587
2.77056687031859861 3211.60580290145117
2.77555963650583015 3216.60830415207647
2.78055525737341469 3221.61080540270177
2.78555383631377973 3226.61330665332707
2.79055527053526564 3231.61580790395237
2.79555966506223585 3236.61830915457767
2.80056691814556169 3241.62081040520297
2.80557713103549267 3246.62331165582827
2.81059020842061136 3251.62581290645358
2.81560624239334079 3256.62831415707888
2.82062514945274234 3261.63081540770418
2.8256470071721802 3266.63331665832948
2.83067174921142239 3271.63581790895478
2.8356994332861345 3276.63831915958008
2.84073001554436999 3281.64082041020538
2.84576352852816239 3286.64332166083068
2.85079995617865922 3291.64582291145598
2.85583930057115198 3296.64832416208128
2.86088157872181981 3301.65082541270658
2.86592675696901589 3306.65332666333188
2.87097489066292466 3311.65582791395718
2.87602590515777923 3316.65832916458248
2.88107989937368014 3321.66083041520778
2.88613675245665213 3326.66333166583308
2.89119661210949719 3331.66583291645838
2.89625930606911153 3336.66833416708369
2.90132503601056202 3341.67083541770899
2.90639359656511465 3346.67333666833429
2.91146517810290373 3351.67583791895959
2.91653961693509789 3356.67833916958489
2.9216170452994481 3361.68084042021019
2.9266973671019878 3366.68334167083549
2.93178064440106079 3371.68584292146079
2.93686685380513124 3376.68834417208609
2.94195598209759712 3381.69084542271139
2.94704808367337368 3386.69334667333715
2.9521430649689302 3391.69584792396245
2.95724106322608193 3396.69834917458775
2.96234190980663969 3401.70085042521305
2.96744579887417181 3406.70335167583835
2.97255254960066928 3411.70585292646365
2.97766229692112416 3416.70835417708895
2.98277495615107124 3421.71085542771425
2.9878905635639943 3426.71335667833955
2.99300913559613058 3431.71585792896485
2.99813060489441341 3436.71835917959015
3.00325509396920198 3441.72086043021545
3.00838244519767262 3446.72336168084075
3.01351283719969709 3451.72586293146605
3.01864611252167947 3456.72836418209135
3.02378237111408232 3461.73086543271666
3.02892157462334 3466.73336668334196
3.03406370143683901 3471.73586793396726
3.03920883717056256 3476.73836918459256
3.04435684547189611 3481.74087043521786
3.04950790573072839 3486.74337168584316
3.05466185299450821 3491.74587293646846
3.05981878577165611 3496.74837418709376
3.06497867589254858 3501.75087543771906
3.07014148266254727 3506.75337668834436
3.07530731948031288 3511.75587793896966
3.08047603888767263 3516.75837918959496
3.08564778897489855 3521.76088044022026
3.09082246151281259 3526.76338169084556
3.09600008949714001 3531.76588294147086
3.10118071886695823 3536.76838419209616
3.10636423789389493 3541.77088544272146
3.11155081592233884 3546.77338669334677
3.11674029800128238 3551.77588794397207
3.12193275755722865 3556.77838919459737
3.127128206254008 3561.78089044522267
3.13232655148126149 3566.78339169584797
3.1375279673851808 3571.78589294647372
3.14273228524105219 3576.78839419709902
3.14793958603621959 3581.79089544772432
3.15314987995387064 3586.79339669834962
3.15836307708457831 3591.79589794897493
3.16357934011935704 3596.79839919960023
3.16879851911752031 3601.80090045022553
3.17402067014767564 3606.80340170085083
3.17924583431661079 3611.80590295147613
3.18447390819379583 3616.80840420210143
3.18970502695355718 3621.81090545272673
3.19493909160625567 3626.81340670335203
3.20017610121277274 3631.81590795397733
3.20541615981723282 3636.81840920460263
3.21065913444112327 3641.82091045522793
3.21590511687594605 3646.82341170585323
3.22115409085952598 3651.82591295647853
3.22640598475519713 3656.82841420710383
3.23166094314164409 3661.83091545772913
3.23691884168678756 3666.83341670835443
3.24217969511953852 3671.83591795897973
3.24744360129148069 3676.83841920960504
3.25271043339740729 3681.84092046023034
3.25798026727123924 3686.84342171085564
3.26325311210342361 3691.84592296148094
3.26852888658827734 3696.84842421210624
3.2738077036619444 3701.85092546273154
3.27908949585821841 3706.85342671335684
3.28437422136120194 3711.85592796398214
3.28966202425906706 3716.85842921460744
3.29495277234576545 3721.86093046523274
3.30024647515881719 3726.86343171585804
3.30554324854338866 3731.86593296648334
3.3108429608714407 3736.86843421710864
3.31614565319873522 3741.87093546773394
3.3214513955153353 3746.87343671835924
3.32676008026237691 3751.875937968985
3.33207176438408137 3756.8784392196103
3.33738648370121815 3761.8809404702356
3.34270414887367107 3766.8834417208609
3.34802482694305459 3771.8859429714862
3.35334853115940756 3776.8884442221115
3.35867518459456083 3781.8909454727368
3.36400485863997467 3786.8934467233621
3.36933755548646507 3791.8959479739874
3.37467320485453426 3796.8984492246127
3.38001187678137072 3801.90095047523801
3.38535357382320612 3806.90345172586331
3.39069822662937836 3811.90595297648861
3.39604589822200698 3816.90845422711391
3.40139660286071965 3821.91095547773921
3.40675026644718804 3826.91345672836451
3.41210693937085896 3831.91595797898981
3.41746665884632339 3836.91845922961511
3.42282934039430131 3841.92096048024041
3.4281950161970296 3846.92346173086571
3.4335637575894653 3851.92596298149101
3.43893546412118267 3856.92846423211631
3.44431014423560455 3861.93096548274161
3.44968791446756606 3866.93346673336691
3.45506865284825926 3871.93596798399221
3.46045236066206074 3876.93846923461751
3.46583914443179975 3881.94097048524281
3.47122892137167627 3886.94347173586812
3.47662167067682804 3891.94597298649342
3.48201746201282836 3896.94847423711872
3.4874162840690146 3901.95097548774402
3.49281808136687477 3906.95347673836932
3.49822288132646264 3911.95597798899462
3.50363075490494058 3916.95847923961992
3.50904160654637565 3921.96098049024522
3.51445543746654288 3926.96348174087052
3.51987234743678856 3931.96598299149582
3.52529225962408743 3936.96848424212158
3.53071515383704337 3941.97098549274688
3.53614107482010143 3946.97348674337218
3.54157005360886634 3951.97598799399748
3.54700201711661567 3956.97848924462278
3.55243696651235163 3961.98099049524808
3.55787500111512145 3966.98349174587338
3.56331603977549882 3971.98599299649868
3.56876006694484271 3976.98849424712398
3.57420711436820771 3981.99099549774928
3.57965723389672696 3986.99349674837458
3.58511034450308719 3991.99599799899988
3.59056644731070085 3996.99849924962518
3.59602561118145081 4002.00100050025048
3.60148781074838098 4007.00350175087578
3.60695300501507266 4012.00600300150109
3.61242119507912074 4017.00850425212639
3.61789247686719762 4022.01100550275169
3.62336676792783008 4027.01350675337699
3.62884405721508241 4032.01600800400229
3.63432435367636497 4037.01850925462759
3.63980774673017127 4042.02101050525289
3.64529414039003807 4047.02351175587819
3.65078353570980862 4052.02601300650349
3.65627595174053166 4057.02851425712879
3.66177145478916755 4062.03101550775409
3.66726996180983056 4067.03351675837939
3.67277147383158153 4072.03601800900469
3.67827601024167672 4077.03851925962999
3.68378363379947382 4082.04102051025529
3.68929426460425081 4087.04352176088059
3.69480790366066181 4092.04602301150589
3.70032456102773954 4097.04852426213165
3.70584431527499492 4102.0510255127565
3.71136707995462434 4107.05352676338225
3.7168928560472394 4112.0560280140071
3.72242164452699908 4117.05852926463285
3.72795352951009429 4122.0610305152577
3.7334884378283224 4127.06353176588345
3.73902636063312865 4132.0660330165083
3.74456729887509354 4137.06853426713405
3.75011130560112926 4142.0710355177589
3.75565836700023725 4147.07353676838466
3.76120844587316761 4152.0760380190095
3.7667615431472834 4157.07853926963526
3.77231767146769448 4162.0810405202601
3.77787689507394653 4167.08354177088586
3.78343913905631846 4172.0860430215107
3.78900440431931385 4177.08854427213646
3.79457269176127321 4182.09104552276131
3.80014404850259124 4187.09354677338706
3.80571846632647359 4192.09604802401191
3.81129590822720266 4197.09854927463766
3.81687637508070621 4202.10105052526251
3.82245986775687641 4207.10355177588826
3.82804645270294586 4212.10605302651402
3.8336360795876705 4217.10855427713886
3.83922873411748267 4222.11105552776462
3.84482441714029255 4227.11355677838947
3.85042312949809107 4232.11605802901522
3.85602494201827328 4237.11855927964007
3.86162979219310687 4242.12106053026582
3.86723767345146108 4247.12356178089067
3.87284858661378006 4252.12606303151642
3.87846253249468909 4257.12856428214127
3.88407957155486683 4262.13106553276702
3.88969965864805589 4267.13356678339187
3.89532278013603639 4272.13606803401763
3.90094893681231758 4277.13856928464247
3.90657812946470839 4282.14107053526823
3.91221039363801282 4287.14357178589307
3.91784573068950959 4292.14607303651883
3.92348410532250025 4297.14857428714367
3.92912551830409829 4302.15107553776943
3.93476997039581766 4307.15357678839428
3.94041746235359236 4312.15607803902003
3.94606805734710653 4317.15857928964488
3.95172169746726931 4322.16108054027063
3.95737837897486111 4327.16358179089548
3.96303810260563427 4332.16608304152123
3.9687008690898562 4337.16858429214608
3.97436668500297374 4342.17108554277183
3.98003560239150334 4347.17358679339668
3.98570756408732141 4352.17608804402244
3.99138257080092052 4357.17858929464728
3.99706062323742906 4362.18109054527304
4.00274172209662904 4367.18359179589788
4.00842586807298318 4372.18609304652364
4.01411311633949186 4377.18859429714848
4.01980341713571665 4382.19109554777424
4.02549676640882126 4387.19359679839908
4.03119316483405221 4392.19609804902484
4.0368926130814371 4397.1985992996506
4.042595111815805 4402.20110055027544
4.04830068126836018 4407.2036018009012
4.05400933773256256 4412.20610305152604
4.05972104596575356 4417.2086043021518
4.06543580661401904 4422.21110555277664
4.07115362031834938 4427.2136068034024
4.07687448771465899 4432.21610805402725
4.08259840943381302 4437.218609304653
4.08832540167608727 4442.22111055527785
4.09405548434149669 4447.2236118059036
4.09978862252281129 4452.22611305652845
4.10552481683269832 4457.2286143071542
4.11126406787886189 4462.23111555777905
4.11700637626407673 4467.2336168084048
4.1227517425861997 4472.23611805902965
4.12850016743820181 4477.23861930965541
4.1342516813727439 4482.24112056028025
4.14000627054043502 4487.24362181090601
4.14576391933204302 4492.24612306153085
4.15152462832294411 4497.24862431215661
4.15728839808371475 4502.25112556278145
4.16305522918015392 4507.25362681340721
4.16882512217330525 4512.25612806403205
4.17459807761947754 4517.25862931465781
4.18037410414784727 4522.26113056528266
4.18615322681887392 4527.26363181590841
4.19193541294138061 4532.26613306653326
4.19772066305467462 4537.26863431715901
4.20350897769341447 4542.27113556778386
4.20930035738764374 4547.27363681840961
4.21509480266279546 4552.27613806903446
4.22089231403972054 4557.27863931966021
4.22669289203471177 4562.28114057028506
4.23249653715950735 4567.28364182091082
4.23830327187738209 4572.28614307153566
4.24411308746544336 4577.28864432216142
4.24992597106585723 4582.29114557278717
4.25574192317407807 4587.29364682341202
4.26156094428111398 4592.29614807403777
4.26738303487353221 4597.29864932466262
4.27320819543348396 4602.30115057528837
4.27903642643872573 4607.30365182591322
4.2848677283626353 4612.30615307653898
4.29070210167422328 4617.30865432716382
4.29653954683816686 4622.31115557778958
4.30238007335591899 4627.31365682841442
4.30822369185466858 4632.31615807904018
4.31407038296623391 4637.31865932966502
4.31992014713976857 4642.32116058029078
4.32577298482017003 4647.32366183091563
4.3316288964481009 4652.32616308154138
4.33748788246000672 4657.32866433216623
4.34334994328812929 4662.33116558279198
4.3492150793605342 4667.33366683341683
4.35508329110111969 4672.33616808404258
4.36095457892963712 4677.33866933466743
4.36682894326171311 4682.34117058529318
4.37270638450886118 4687.34367183591803
4.37858690307850473 4692.34617308654379
4.38447049937398514 4697.34867433716863
4.39035718833717503 4702.35117558779439
4.39624696093484957 4707.35367683841923
4.40213981186031145 4712.35617808904499
4.4080357415023812 4717.35867933966983
4.41393475024588877 4722.36118059029559
4.41983683847168596 4727.36368184092044
4.42574200655667571 4732.36618309154619
4.43165025487380948 4737.36868434217104
4.43756158379212184 4742.37118559279679
4.44347599367673762 4747.37368684342164
4.44939348488889674 4752.37618809404739
4.45531405778596046 4757.37868934467315
4.4612377127214371 4762.38119059529799
4.46716445004499807 4767.38369184592375
4.47309427010248317 4772.3861930965486
4.47902717323594057 4777.38869434717435
4.48496315978361615 4782.3911955977992
4.49090223007999079 4787.39369684842495
4.49684438445578483 4792.3961980990498
4.50278962323798204 4797.39869934967555
4.50873794674983941 4802.4012006003004
4.51468935531090843 4807.40370185092615
4.52064384923704488 4812.406203101551
4.52660142884044081 4817.40870435217676
4.53256209442961477 4822.4112056028016
4.53852584630945177 4827.41370685342736
4.54449268478120771 4832.4162081040522
4.55046261014252451 4837.41870935467796
4.55643562615100794 4842.4212106053028
4.56241173040071502 4847.42371185592856
4.56839092187026807 4852.4262131065534
4.57437320084451127 4857.42871435717916
4.58035856760475113 4862.43121560780401
4.58634702242877701 4867.43371685842976
4.59233856559086728 4872.43621810905461
4.59833319736181423 4877.43871935968036
4.60433091800893024 4882.44122061030521
4.61033172779607625 4887.44372186093096
4.61633562698365463 4892.44622311155581
4.62234261582865891 4897.44872436218157
4.62835269458464804 4902.45122561280641
4.63436586350179791 4907.45372686343217
4.64038212282688622 4912.45622811405701
4.64640147280333426 4917.45872936468277
4.65242391367120156 4922.46123061530761
4.65844944566720987 4927.46373186593337
4.66447807100161871 4932.46623311655821
4.67050979123632537 4937.46873436718397
4.67654460380443382 4942.47123561780973
4.68258250892803662 4947.47373686843457
4.68862350682597295 4952.47623811906033
4.6946675977138197 4957.47873936968517
4.70071478180393942 4962.48124062031093
4.70676505930545819 4967.48374187093577
4.71281843042430992 4972.48624312156153
4.71887489536322757 4977.48874437218637
4.7249344543217795 4982.49124562281213
4.73099710749635882 4987.49374687343698
4.73706285508022162 4992.49624812406273
4.74313169726348249 4997.49874937468758
4.7492036342331394 5002.50125062531333
4.75527866617308348 5007.50375187593818
4.7613567932641141 5012.50625312656393
4.76743801568394687 5017.50875437718878
4.77352233360724121 5022.51125562781453
4.7796097472055985 5027.51375687843938
4.78570025664758614 5032.51625812906514
4.79179386209874192 5037.51875937968998
4.7978905637216025 5042.52126063031574
4.80399036167569538 5047.52376188094058
4.8100932561175771 5052.52626313156634
4.81619924720082171 5057.52876438219118
4.82230833507605627 5062.53126563281694
4.82842051989095911 5067.53376688344179
4.83453581046326697 5072.53626813406754
4.84065420907440114 5077.53876938469239
4.84677570552698178 5082.54127063531814
4.85290029995573668 5087.54377188594299
4.85902799249252126 5092.54627313656874
4.86515878326632567 5097.54877438719359
4.87129267240329344 5102.55127563781934
4.87742966002672773 5107.55377688844419
4.88356974625711526 5112.55627813906995
4.88971293121212636 5117.55877938969479
4.89585921500663446 5122.56128064032055
4.90200859775272946 5127.5637818909463
4.90816107955972392 5132.56628314157115
4.91431666053417615 5137.5687843921969
4.92047534077988669 5142.57128564282175
4.92663714399694364 5147.5737868934475
4.93280204987424575 5152.57628814407235
4.93897005577440229 5157.57878939469811
4.9451411617890999 5162.58129064532295
4.95131536800734295 5167.58379189594871
4.95749267451546416 5172.58629314657355
4.96367308139713881 5177.58879439719931
4.96985658873339364 5182.59129564782415
4.97604319660262107 5187.59379689844991
4.9822329050805898 5192.59629814907476
4.98842571424045822 5197.59879939970051
4.99462164390500973 5202.60130065032536
5.00082068666842439 5207.60380190095111
5.00702283076012833 5212.60630315157596
5.01322807624174782 5217.60880440220171
5.01943642317235028 5222.61130565282656
5.02564787160847093 5227.61380690345231
5.03186242160411812 5232.61630815407716
5.03808007321078843 5237.61880940470292
5.04430082647746758 5242.62131065532776
5.05052468459780712 5247.62381190595352
5.05675167757458954 5252.62631315657836
5.06298177277465111 5257.62881440720412
5.06921497023590106 5262.63131565782896
5.07545126999381591 5267.63381690845472
5.08169067208142788 5272.63631815907956
5.08793317652935695 5277.63881940970532
5.09417878336581076 5282.64132066033017
5.10042749261659445 5287.64382191095592
5.10667933111740968 5292.64632316158077
5.11293428563517871 5297.64882441220652
5.11919234305064563 5302.65132566283137
5.12545350337898586 5307.65382691345712
5.13171776663303447 5312.65632816408288
5.13798513282328528 5317.65882941470772
5.14425560195792553 5322.66133066533348
5.15052917627336537 5327.66383191595833
5.15680589487518759 5332.66633316658408
5.16308571684391993 5337.66883441720893
5.16936864217744496 5342.67133566783468
5.17565467087138398 5347.67383691845953
5.18194380291910051 5352.67633816908528
5.18823603831171631 5357.67883941971013
5.19453137890937366 5362.68134067033589
5.2008298676497855 5367.68384192096073
5.20713146009863515 5372.68634317158649
5.21343615623707812 5377.68884442221133
5.21974395604407615 5382.69134567283709
5.22605485949640691 5387.69384692346193
5.23236886656868716 5392.69634817408769
5.23868600250932825 5397.69884942471253
5.24500626649982937 5402.70135067533829
5.25132963441664824 5407.70385192596314
5.25765610622474711 5412.70635317658889
5.2639856818869637 5417.70885442721374
5.27031836136403609 5422.71135567783949
5.27665416422575184 5427.71385692846434
5.28299310359081886 5432.71635817909009
5.28933514702899288 5437.71885942971494
5.29568029449162037 5442.72136068034069
5.30202854592799255 5447.72386193096554
5.30837990128535608 5452.7263631815913
5.31473439179356966 5457.72886443221614
5.32109200978843777 5462.7313656828419
5.32745273191570412 5467.73386693346674
5.33381655811349109 5472.7363681840925
5.34018348831791645 5477.73886943471734
5.34655352535888273 5482.7413706853431
5.3529267204970461 5487.74387193596795
5.35930301981459323 5492.7463731865937
5.36568242323872902 5497.74887443721946
5.37206493069471147 5502.7513756878443
5.37845054210586593 5507.75387693847006
5.38483930330403382 5512.7563781890949
5.39123118200638807 5517.75887943972066
5.39762616479208646 5522.7613806903455
5.4040242515757857 5527.76388194097126
5.41042544227024447 5532.76638319159611
5.41682978055285957 5537.76888444222186
5.42323724051077694 5542.77138569284671
5.42964780447083761 5547.77388694347246
5.43606147233734127 5552.77638819409731
5.44247824401274194 5557.77888944472306
5.44889817282092448 5562.78139069534791
5.45532121558857241 5567.78389194597366
5.46174736222052903 5572.78639319659851
5.4681766126109892 5577.78889444722427
5.47460897592007445 5582.79139569784911
5.48104449895700085 5587.79389694847487
5.48748312577898201 5592.79639819909971
5.4939248562721108 5597.79889944972547
5.5003696903207091 5602.80140070035031
5.50681766784788085 5607.80390195097607
5.5132687761186121 5612.80640320160092
5.51972298793685923 5617.80890445222667
5.52618030317903042 5622.81140570285152
5.53264073478964136 5627.81390695347727
5.53910432560494659 5632.81640820410212
5.54557101980852707 5637.81890945472787
5.55204081726903542 5642.82141070535272
5.55851371785343584 5647.82391195597847
5.56498978587577753 5652.82641320660332
5.57146896336556274 5657.82891445722908
5.57795124391047725 5662.83141570785392
5.58443662736991175 5667.83391695847968
5.59092516785363713 5672.83641820910543
5.597416829373981 5677.83891945973028
5.603911593713506 5682.84142071035603
5.6104094607241688 5687.84392196098088
5.61691048175803775 5692.84642321160663
5.62341462789957269 5697.84892446223148
5.62992187659081811 5702.85142571285724
5.63643222767644758 5707.85392696348208
5.64294573711753955 5712.85642821410784
5.64946236831990767 5717.85892946473268
5.65598210176962191 5722.86143071535844
5.66250493730421134 5727.86393196598328
5.66903094278158903 5732.86643321660904
5.67556005933614927 5737.86893446723388
5.68209227780340598 5742.87143571785964
5.68862760660094846 5747.87393696848449
5.69516610693220127 5752.87643821911024
5.70170770898466994 5757.87893946973509
5.70825241258350591 5762.88144072036084
5.71480025087292365 5767.88394197098569
5.72135123709542537 5772.88644322161144
5.72790532464848301 5777.88894447223629
5.73446251335048451 5782.89144572286204
5.74102286814601648 5787.89394697348689
5.74758634015261638 5792.89644822411265
5.75415291306847099 5797.89894947473749
5.76072260791274626 5802.90145072536325
5.76729546480652644 5807.90395197598809
5.77387142235154016 5812.90645322661385
5.78045048035444342 5817.90895447723869
5.78703270409064707 5822.91145572786445
5.7936180466155891 5827.9139569784893
5.80020648931729621 5832.91645822911505
5.80679806325812642 5837.9189594797399
5.81339279105009954 5842.92146073036565
5.81999061871995504 5847.9239619809905
5.82659154733773743 5852.92646323161625
5.83319566062102091 5857.92896448224201
5.83980287346580962 5862.93146573286685
5.84641318566258228 5867.93396698349261
5.85302666007362227 5872.93646823411746
5.85964325823839349 5877.93896948474321
5.86626295541674025 5882.94147073536806
5.87288579393529364 5887.94397198599381
5.87951177750419696 5892.94647323661866
5.88614085973133072 5897.94897448724441
5.89277306651832689 5902.95147573786926
5.8994084355154266 5907.95397698849501
5.90604690279871392 5912.95647823911986
5.9126884819226575 5917.95897948974562
5.91933323631274089 5922.96148074037046
5.92598108860050576 5927.96398199099622
5.93263204403857181 5932.96648324162106
5.93928618372793871 5937.96898449224682
5.94594342091025663 5942.97148574287166
5.95260375654938567 5947.97398699349742
5.95926728138663719 5952.97648824412227
5.96593390329612117 5957.97898949474802
5.97260362293406821 5962.98149074537287
5.97927653271089454 5967.98399199599862
5.98595253912345537 5972.98649324662347
5.99263164646987878 5977.98899449724922
5.99931394092180792 5982.99149574787407
6.00599933155743315 5987.99399699849982
6.01268783023492048 5992.99649824912467
6.01937950904208119 5997.99899949975043
6.02607428356557939 6003.00150075037527
6.03277217711069458 6008.00400200100103
6.03947323989856422 6013.00650325162587
6.04617739792031372 6018.00900450225163
6.05288468978461047 6023.01150575287647
6.05959513612475043 6028.01400700350223
6.06630867720142497 6033.01650825412707
6.07302537075246818 6038.01900950475283
6.07974520016325748 6043.02151075537859
6.08646812379855895 6048.02401200600343
6.09319422232091323 6053.02651325662919
6.0999234342682529 6058.02901450725403
6.10665574613929074 6063.03151575787979
6.11339124660984812 6068.03401700850463
6.12012984050788678 6073.03651825913039
6.12687156321955584 6078.03901950975524
6.13361644555483121 6083.04152076038099
6.14036442076665256 6088.04402201100584
6.14711555738281668 6093.04652326163159
6.15386982090943135 6098.04902451225644
6.16062717827189132 6103.05152576288219
6.16738773025286857 6108.05402701350704
6.17415137424756377 6113.05652826413279
6.1809181510105482 6118.05902951475764
6.18768808327549369 6123.0615307653834
6.19446110696578511 6128.06403201600824
6.20123730597944611 6133.066533266634
6.20801661772070723 6138.06903451725884
6.21479904446054476 6143.0715357678846
6.22158464432319036 6148.07403701850944
6.22837333468504273 6153.0765382691352
6.23516518881002391 6158.07903951976004
6.24196016701446865 6163.0815407703858
6.24875825317214773 6168.08404202101065
6.25555951924708697 6173.0865432716364
6.26236387485625112 6178.08904452226125
6.26917139331081241 6183.091545772887
6.27598203645349706 6188.09404702351185
6.28279579108862851 6193.0965482741376
6.28961272175114239 6198.09904952476245
6.2964327409450016 6203.1015507753882
6.3032559325704387 6208.10405202601305
6.31008223889026887 6213.10655327663881
6.31691167068859816 6218.10905452726365
6.32374426408002499 6223.11155577788941
6.33057994496291698 6228.11405702851516
6.33741881823100517 6233.11655827914001
6.34426078573601693 6238.11905952976576
6.35110590301679157 6243.12156078039061
6.35795415704975042 6248.12406203101636
6.36480552006817302 6253.12656328164121
6.37166006051845812 6258.12906453226697
6.37851768699100408 6263.13156578289181
6.38537849771418209 6268.13406703351757
6.39224241007772154 6273.13656828414241
6.39910947016703435 6278.13906953476817
6.40597966827236842 6283.14157078539301
6.41285297936553178 6288.14407203601877
6.41972946304750902 6293.14657328664362
6.4266090312121289 6298.14907453726937
6.43349179583460984 6303.15157578789422
6.4403776489750939 6308.15407703851997
6.44726666802437531 6313.15657828914482
6.45415880593818603 6318.15907953977057
6.46105408096709244 6323.16158079039542
6.46795250343621841 6328.16408204102117
6.47485403597296028 6333.16658329164602
6.48175874276406638 6338.16908454227178
6.48866653431242923 6343.17158579289662
6.49557752517698983 6348.17408704352238
6.5024915980317024 6353.17658829414722
6.50940885189096807 6358.17908954477298
6.51632920810461425 6363.18159079539782
6.52325272408301515 6368.18409204602358
6.5301793633714933 6373.18659329664843
6.53710914289152623 6378.18909454727418
6.54404206495599539 6383.19159579789903
6.55097810941657244 6388.19409704852478
6.55791731394360067 6393.19659829914963
6.56485962472024465 6398.19909954977538
6.57180511138193602 6403.20160080040114
6.57875368982695008 6408.20410205102598
6.58570545828107079 6413.20660330165174
6.59266030572373918 6418.20910455227659
6.59961835561384902 6423.21160580290234
6.60657948387192029 6428.21410705352719
6.61354380431619049 6433.21660830415294
6.62051121314873647 6438.21910955477779
6.62748180528740249 6443.22161080540354
6.63445549430474291 6448.22411205602839
6.64143235939047738 6453.22661330665414
6.64841232818916428 6458.22911455727899
6.65539546745240074 6463.23161580790475
6.66238171561533488 6468.23411705852959
6.66937113026444894 6473.23661830915535
6.67636365736100679 6478.23911955978019
6.68335934858248759 6483.24162081040595
6.69035815416864121 6488.24412206103079
6.69736012312726547 6493.24662331165655
6.70436520674571046 6498.24912456228139
6.71137345458471213 6503.25162581290715
6.71838481576497326 6508.254127063532
6.72539934360621583 6513.25662831415775
6.73241698186478033 6518.2591295647826
6.73943779080892114 6523.26163081540835
6.74646170564935233 6528.2641320660332
6.7534887967760131 6533.26663331665895
6.76051898768906767 6538.2691345672838
6.76755236205699706 6543.27163581790956
6.77458882852073607 6548.2741370685344
6.78162848716798372 6553.27663831916016
6.7886712286478943 6558.279139569785
6.79571717259195829 6563.28164082041076
6.80276619939868876 6568.2841420710356
6.80981841877907002 6573.28664332166136
6.81687373286424858 6578.2891445722862
6.82393222614689243 6583.29164582291196
6.83099382847500181 6588.29414707353772
6.83805859508070224 6593.29664832416256
6.845126486596258 6598.29914957478832
6.85219752593374665 6603.30165082541316
6.85927170756144999 6608.30415207603892
6.86634901902751427 6613.30665332666376
6.87342949167241279 6618.30915457728952
6.88051307465198558 6623.31165582791436
6.88759983919963403 6628.31415707854012
6.89468969309392765 6633.31665832916497
6.90178275038251776 6638.31915957979072
6.90887889794981724 6643.32166083041557
6.91597822542964469 6648.32416208104132
6.92308066750514417 6653.32666333166617
6.93018626451903597 6658.32916458229192
6.93729500191896697 6663.33166583291677
6.94440686779839744 6668.33416708354252
6.95152190132018966 6673.33666833416737
6.95864003538537901 6678.33916958479313
6.96576136580780236 6683.34167083541797
6.97288579070080416 6688.34417208604373
6.98001339545113542 6693.34667333666857
6.98714411884384035 6698.34917458729433
6.99427799029010444 6703.35167583791917
7.001415012913073 6708.35417708854493
7.00855515033546528 6713.35667833916978
7.01569847290112136 6718.35917958979553
7.02284489311561977 6723.36168084042038
7.02999449877181082 6728.36418209104613
7.0371472204216392 6733.36668334167098
7.0443030904604349 6738.36918459229673
7.05146211421113644 6743.37168584292158
7.05862424787398091 6748.37418709354733
7.06578957437346666 6753.37668834417218
7.07295800155461141 6758.37918959479794
7.08012960077006603 6763.38169084542278
7.08730433208909361 6768.38419209604854
7.094482193234664 6773.38669334667429
7.10166322929390414 6778.38919459729914
7.10884736819523155 6783.39169584792489
7.11603469295817614 6788.39419709854974
7.12322513791562084 6793.39669834917549
7.1304187228439373 6798.39919959980034
7.13761547441515365 6803.4017008504261
7.14481533091610643 6808.40420210105094
7.15201837741220103 6813.4067033516767
7.15922454177106715 6818.40920460230154
7.16643384659861216 6823.4117058529273
7.173646319329265 6828.41420710355214
7.18086189900588856 6833.4167083541779
7.1880806632398011 6838.41920960480275
7.19530255246199602 6843.4217108554285
7.20252757312583292 6848.42421210605335
7.20975577236456111 6853.4267133566791
7.21698708049541526 6858.42921460730395
7.22422155829489565 6863.4317158579297
7.23145917754708734 6868.43421710855455
7.23869990980891931 6873.4367183591803
7.2459438406113561 6878.43921960980515
7.2531908821833122 6883.44172086043091
7.26044106920318111 6888.44422211105575
7.26769442336255445 6893.44672336168151
7.27495088949307167 6898.44922461230635
7.28221052994715734 6903.45172586293211
7.28947330966106755 6908.45422711355695
7.29673920252223596 6913.45672836418271
7.30400829504701665 6918.45922961480755
7.3112805024468468 6923.46173086543331
7.31855584506133905 6928.46423211605816
7.32583436733760873 6933.46673336668391
7.33311600448930445 6938.46923461730876
7.34040079656587707 6943.47173586793451
7.34768874948455508 6948.47423711855936
7.35497981838939108 6953.47673836918511
7.3622740584633739 6958.47923961981087
7.36957144398629538 6963.48174087043571
7.3768719465816277 6968.48424212106147
7.38417563315056391 6973.48674337168632
7.3914824531761143 6978.48924462231207
7.3987923913361282 6983.49174587293692
7.40610552286028589 6988.49424712356267
7.41342177922414436 6993.49674837418752
7.42074115486856911 6998.49924962481327
7.42806372966346817 7003.50175087543812
7.43538942413935366 7008.50425212606388
7.44271824185175213 7013.50675337668872
7.45005025547111011 7018.50925462731448
7.45738538977148391 7023.51175587793932
7.46472364791722409 7028.51425712856508
7.4720651020361899 7033.51675837918992
7.47940967781299815 7038.51925962981568
7.48675737573595068 7043.52176088044052
7.4941082709556186 7048.52426213106628
7.50146228980096819 7053.52676338169113
7.50881943173757893 7058.52926463231688
7.51617976367209106 7063.53176588294173
7.52354322711897971 7068.53426713356748
7.53090981457963693 7073.53676838419233
7.53827958147599109 7078.53926963481808
7.54565249099897617 7083.54177088544293
7.55302852543588443 7088.54427213606868
7.56040772550721396 7093.54677338669353
7.56779008252309371 7098.54927463731929
7.57517556533096492 7103.55177588794413
7.58256419675699256 7108.55427713856989
7.58995600262549708 7113.55677838919473
7.59735093514221216 7118.55927963982049
7.604748996069711 7123.56178089044533
7.61215025209415952 7128.56428214107109
7.61955463560142476 7133.56678339169594
7.62696214702558439 7138.56928464232169
7.6343728315726187 7143.57178589294745
7.64178666729663814 7148.57428714357229
7.64920363174265017 7153.57678839419805
7.6566237415617584 7158.57928964482289
7.66404703067386794 7163.58179089544865
7.67147344929203623 7168.58429214607349
7.67890299783103369 7173.58679339669925
7.68633572603882609 7178.5892946473241
7.69377159992546389 7183.59179589794985
7.70121060448825645 7188.5942971485747
7.70865275355862334 7193.59679839920045
7.71609808375668571 7198.5992996498253
7.72354654536575413 7203.60180090045105
7.73099813878178121 7208.6043021510759
7.73845290076314374 7213.60680340170165
7.74591082038845968 7218.6093046523265
7.75337187252759819 7223.61180590295226
7.76083605756581196 7228.6143071535771
7.76830342934727369 7233.61680840420286
7.77577394110766118 7238.6193096548277
7.78324758644642234 7243.62181090545346
7.79072437190067202 7248.6243121560783
7.79820434412938202 7253.62681340670406
7.80568745059612912 7258.62931465732891
7.81317369166811115 7263.63181590795466
7.82066308106995223 7268.63431715857951
7.82815564944187869 7273.63681840920526
7.83565135305185922 7278.63931965983011
7.84315019225681365 7283.64182091045586
7.85065218228254569 7288.64432216108071
7.85815734913893404 7293.64682341170646
7.86566565219668679 7298.64932466233131
7.87317709180258607 7303.65182591295707
7.88069167905283141 7308.65432716358191
7.8882094466040904 7313.65682841420767
7.89573035128385214 7318.65932966483342
7.90325439342892277 7323.66183091545827
7.91078157443002361 7328.66433216608402
7.91831194475772282 7333.66683341670887
7.9258454531054543 7338.66933466733462
7.93338209980018405 7343.67183591795947
7.94092188516618158 7348.67433716858523
7.94846484606441273 7353.67683841921007
7.95601095999977037 7358.67933966983583
7.96356021312888096 7363.68184092046067
7.97111260576636305 7368.68434217108643
7.97866815254017503 7373.68684342171127
7.98622687385846763 7378.68934467233703
7.99378873518285271 7383.69184592296187
8.00135373681843909 7388.69434717358763
8.00892187906770125 7393.69684842421248
8.01649319613369116 7398.69934967483823
8.02406766729232501 7403.70185092546308
8.0316452795312312 7408.70435217608883
8.03922603314355833 7413.70685342671368
8.0468099284198793 7418.70935467733943
8.05439701035686184 7423.71185592796428
8.06198723468477674 7428.71435717859003
8.06958060111273312 7433.71685842921488
8.07717710992215387 7438.71935967984064
8.08477676485220265 7443.72186093046548
8.09237960263711997 7448.72436218109124
8.09998558321608719 7453.72686343171608
8.10759470686149442 7458.72936468234184
8.11520697384323597 7463.73186593296668
8.12282238442872462 7468.73436718359244
8.13044097928099241 7473.73686843421729
8.13806271895037803 7478.73936968484304
8.14568760260021385 7483.74187093546789
8.15331563048910191 7488.74437218609364
8.16094680287317686 7493.74687343671849
8.16858114549612324 7498.74937468734424
8.17621864685752442 7503.75187593797
8.18385929306200488 7508.75437718859484
8.19150308435705377 7513.7568784392206
8.19915002098776569 7518.75937968984545
8.2068001054128441 7523.7618809404712
8.21445337083466498 7528.76438219109605
8.22210978191176167 7533.7668834417218
8.22976933888072715 7538.76938469234665
8.23743204197580248 7543.7718859429724
8.24509789142888749 7548.77438719359725
8.25276689372724448 7553.776888444223
8.26043907176715209 7558.77938969484785
8.26811439645094559 7563.78189094547361
8.2757928680022097 7568.78439219609845
8.2834744866422394 7573.78689344672421
8.29115925259003106 7578.78939469734905
8.29884716606230022 7583.79189594797481
8.30653825843619131 7588.79439719859965
8.31423250021390281 7593.79689844922541
8.32192988976315817 7598.79939969985026
8.32963042729258518 7603.80190095047601
8.33733411300855742 7608.80440220110086
8.34504094711522981 7613.80690345172661
8.35275093875974939 7618.80940470235146
8.36046410072408719 7623.81190595297721
8.36818041129411405 7628.81440720360206
8.37589987066607478 7633.81690845422781
8.38362247903400437 7638.81940970485266
8.39134823658976359 7643.82191095547842
8.39907714352303181 7648.82441220610326
8.40680920334133042 7653.82691345672902
8.41454443757101167 7658.82941470735386
8.42228282135630302 7663.83191595797962
8.43002435487918156 7668.83441720860446
8.43776903831948388 7673.83691845923022
8.44551687185492383 7678.83941970985506
8.45326785566108718 7683.84192096048082
8.46102198991145649 7688.84442221110658
8.46877928186132678 7693.84692346173142
8.47653974267008792 7698.84942471235718
8.48430335405985048 7703.85192596298202
8.49207011619661678 7708.85442721360778
8.49984002924431969 7713.85692846423262
8.50761309336482086 7718.85942971485838
8.51538930871791955 7723.86193096548323
8.52316867546136514 7728.86443221610898
8.53095119375086774 7733.86693346673383
8.53873687591336328 7738.86943471735958
8.54652571977715425 7743.87193596798443
8.5543177152785681 7748.87443721861018
8.5621128625660905 7753.87693846923503
8.56991116178620338 7758.87943971986078
8.57771261308338318 7763.88194097048563
8.58551721660012568 7768.88444222111139
8.5933249724769265 7773.88694347173623
8.6011358808523255 7778.88944472236199
8.60894994186287477 7783.89194597298683
8.61676716539886378 7788.89444722361259
8.624587550679502 7793.89694847423743
8.63241108863818063 7798.89944972486319
8.64023777940450977 7803.90195097548803
8.64806762310617216 7808.90445222611379
8.65590061986891079 7813.90695347673864
8.66373676981656438 7818.90945472736439
8.67157607307104961 7823.91195597798924
8.67941852975238604 7828.91445722861499
8.68726413997869429 7833.91695847923984
8.6951129038662085 7838.91945972986559
8.70296482152927098 7843.92196098049044
8.71081989831366066 7848.92446223111619
8.71867813842208861 7853.92696348174104
8.72653953229256452 7858.9294647323668
8.73440408003280311 7863.93196598299164
8.74227178174866459 7868.9344672336174
8.75014263754417598 7873.93696848424315
8.75801664752152043 7878.939469734868
8.76589381178106208 7883.94197098549375
8.77377413042133192 7888.9444722361186
8.78165760353906855 7893.94697348674435
8.78954423122918094 7898.9494747373692
8.7974340135847946 7903.95197598799496
8.80532695069723204 7908.9544772386198
8.81322304265603584 7913.95697848924556
8.82112228954896693 7918.9594797398704
8.82902469146201518 7923.96198099049616
8.83693024847939768 7928.964482241121
8.84483896527567559 7933.96698349174676
8.8527508417066425 7938.96948474237161
8.86066587315211684 7943.97198599299736
8.86858405969009489 7948.97448724362221
8.87650540139686228 7953.97698849424796
8.88442989834696206 7958.97948974487281
8.89235755061322486 7963.98199099549856
8.90028835826676001 7968.98449224612341
8.90822232137697512 7973.98699349674916
8.9161594400115689 7978.98949474737401
8.92409971423655257 7983.99199599799977
8.93204314411624622 7988.99449724862461
8.93998972971328421 7993.99699849925037
8.94793947108862753 7998.99949974987521
8.95589236830157098 8004.00200100050097
8.96384842140974314 8009.00450225112581
8.97180763046912233 8014.00700350175157
8.97976999553402599 8019.00950475237642
8.98773551665713555 8024.01200600300217
8.99570419388949105 8029.01450725362702
9.00367602728050187 8034.01700850425277
9.01165101687795556 8039.01950975487762
9.01962916272801785 8044.02201100550337
9.02761046487523799 8049.02451225612822
9.03559492336257009 8054.02701350675397
9.0435825382313535 8059.02951475737973
9.05157330952134487 8064.03201600800458
9.05956723727070212 8069.03451725863033
9.06756432151601111 8074.03701850925518
9.07556456229227493 8079.03951975988093
9.08356795963293173 8084.04202101050578
9.09157451356984936 8089.04452226113153
9.09958422413333601 8094.04702351175638
9.10759709135215623 8099.04952476238213
9.11561311525352203 8104.05202601300698
9.12363229586310887 8109.05452726363274
9.13165463320504855 8114.05702851425758
9.13968012730195944 8119.05952976488334
9.14770877817492156 8124.06203101550818
9.15574058584350681 8129.06453226613394
9.16377555032577185 8134.06703351675878
9.17181367163826522 8139.06953476738454
9.17985494979604333 8144.07203601800938
9.18789938481266688 8149.07453726863514
9.19594697670019734 8154.07703851925999
9.20399772546923067 8159.07953976988574
9.21205163112886538 8164.08204102051059
9.2201086936867469 8169.08454227113634
9.22816891314904275 8174.08704352176119
9.2362322895204656 8179.08954477238694
9.24429882280426973 8184.09204602301179
9.25236851300226348 8189.09454727363755
9.26044136011481456 8194.0970485242633
9.26851736414084115 8199.09954977488815
9.27659652507783328 8204.10205102551299
9.28467884292185985 8209.10455227613784
9.29276431766756339 8214.1070535267645
9.30085294930816708 8219.10955477738935
9.30894473917040877 8224.11205602801419
9.31703969364449591 8229.11455727863904
9.32513780527484215 8234.11705852926571
9.33323907404840014 8239.11955977989055
9.34134349995072633 8244.1220610305154
9.34945108296600402 8249.12456228114206
9.35756182307702922 8254.12706353176691
9.36567572026523543 8259.12956478239175
9.37379277451068305 8264.1320660330166
9.38191298579207533 8269.13456728364326
9.39003635408674953 8274.13706853426811
9.39816287937069816 8279.13956978489296
9.40629256161857263 8284.1420710355178
9.41442540080367429 8289.14457228614447
9.42256139689796868 8294.14707353676931
9.43070054987209438 8299.14957478739416
9.43884285969536307 8304.152076038019
9.44698833048820319 8309.15457728864567
9.45513696796705361 8314.15707853927051
9.46328876247392792 8319.15957978989536
9.47144371397225981 8324.16208104052021
9.47960182242417737 8329.16458229114687
9.48776308779049771 8334.16708354177172
9.49592751003077318 8339.16958479239656
9.50409508910325762 8344.17208604302141
9.51226582496493123 8349.17458729364807
9.5204397175714881 8354.17708854427292
9.52861676687737003 8359.17958979489777
9.53679697283573446 8364.18209104552261
9.54498033783522537 8369.18459229614928
9.55316687445162316 8374.18709354677412
9.56135656784362453 8379.18959479739897
9.56954941795877723 8384.19209604802381
9.57774542474338553 8389.19459729865048
9.58594458814251205 8394.19709854927532
9.59414690809999726 8399.19959979990017
9.60235238455845597 8404.20210105052502
9.61056101745928082 8409.20460230115168
9.61877280674264235 8414.20710355177653
9.6269877546923901 8419.20960480240137
9.6352058768760287 8424.21210605302804
9.64342715552037433 8429.21460730365288
9.65165159056020094 8434.21710855427773
9.65987918192906925 8439.21960980490257
9.66810992955937287 8444.22211105552924
9.67634383338229931 8449.22461230615409
9.68458089332788319 8454.22711355677893
9.69282110932496366 8459.22961480740378
9.70106449007415073 8464.23211605803044
9.7093110407730272 8469.23461730865529
9.71756074756233801 8474.23711855928013
9.72581361036570868 8479.23961980990498
9.73406962910560658 8484.24212106053164
9.7423288037033533 8489.24462231115649
9.75059113407912292 8494.24712356178134
9.75885662015197042 8499.24962481240618
9.76712527556541943 8504.25212606303285
9.77539709779371435 8509.25462731365769
9.78367207572401654 8514.25712856428254
9.79195020927030946 8519.25962981490738
9.8002314983454486 8524.26213106553405
9.80851594286118278 8529.2646323161589
9.81680354272814881 8534.26713356678374
9.82509430813043139 8539.26963481740859
9.83338824533757894 8544.27213606803525
9.84168533787174482 8549.2746373186601
9.84998558563863646 8554.27713856928494
9.85828898854287772 8559.27963981990979
9.86659554648801596 8564.28214107053645
9.87490525937651675 8569.2846423211613
9.88321814812050015 8574.28714357178615
9.89153419938021905 8579.28964482241099
9.89985340553068127 8584.29214607303766
9.90817576646955267 8589.2946473236625
9.91650128209344217 8594.29714857428735
9.92482995229791953 8599.29964982491401
9.93316179231024776 8604.30215107553886
9.94149680173829609 8609.3046523261637
9.94983496567029491 8614.30715357678855
9.95817628399711552 8619.30965482741522
9.9665207566085936 8624.31215607804006
9.97486838339354698 8629.31465732866491
9.98321918425000376 8634.31715857928975
9.99157315100088539 8639.31965982991642
9.99993027182512151 8644.32216108054126
10.0082905466069576 8649.32466233116611
10.0166539752296178 8654.32716358179096
10.0250205592051813 8659.32966483241762
10.0333903284302739 8664.33216608304247
10.0417632513766186 8669.33466733366731
10.0501393279229543 8674.33716858429216
10.0585185579470338 8679.33966983491882
10.0669009413256205 8684.34217108554367
10.0752865030029159 8689.34467233616851
10.0836752275294153 8694.34717358679336
10.0920671052683399 8699.34967483742003
10.1004621360920659 8704.35217608804487
10.1088603198720222 8709.35467733866972
10.1172616788555967 8714.35717858929456
10.125666204256758 8719.35967983992123
10.1340738824533858 8724.36218109054607
10.1424847133126068 8729.36468234117092
10.1508986967005939 8734.36718359179577
10.1593158592339243 8739.36968484242243
10.1677361846437648 8744.37218609304728
10.1761596624032986 8749.37468734367212
10.1845862923744903 8754.37718859429697
10.193016074418372 8759.37968984492363
10.201449046508559 8764.38219109554848
10.2098851709036005 8769.38469234617332
10.2183244471742984 8774.38719359679817
10.226766875177546 8779.38969484742483
10.2352124715099411 8784.39219609804968
10.2436612421911022 8789.39469734867453
10.2521131643933163 8794.39719859930119
10.260568237969407 8799.39969984992604
10.2690264627713077 8804.40220110055088
10.2774878792670101 8809.40470235117573
10.2859524469497181 8814.40720360180239
10.2944201656293792 8819.40970485242724
10.3028910351539338 8824.41220610305209
10.3113650847616007 8829.41470735367693
10.3198422973919808 8834.4172086043036
10.3283226606244263 8839.41970985492844
10.3368061743029536 8844.42221110555329
10.3452928609395656 8849.42471235617813
10.3537827179042221 8854.4272136068048
10.3622757250583639 8859.42971485742964
10.370771882242142 8864.43221610805449
10.3792712097053066 8869.43471735867934
10.3877737103114587 8874.437218609306
10.396279360677104 8879.43971985993085
10.404788160638585 8884.44222111055569
10.4133001326081285 8889.44472236118054
10.4218152760848053 8894.4472236118072
10.4303335688738308 8899.44972486243205
10.4388550108078029 8904.45222611305689
10.4473796308473759 8909.45472736368174
10.4559074159819261 8914.45722861430841
10.4644383503202274 8919.45972986493325
10.472972433335638 8924.4622311155581
10.4815097052774657 8929.46473236618294
10.4900501318752895 8934.46723361680961
10.4985937068407722 8939.46973486743445
10.5071404377631978 8944.4722361180593
10.515690356412863 8949.47473736868415
10.5242434231106685 8954.47723861931081
10.5327996376791049 8959.47973986993566
10.5413590262460239 8964.4822411205605
10.5499215844330028 8969.48474237118717
10.5584872901584976 8974.48724362181201
10.5670561432414747 8979.48974487243686
10.5756281925917186 8984.4922461230617
10.5842033891870884 8989.49474737368837
10.5927817327954195 8994.49724862431322
10.6013632492515004 8999.49974987493806
10.6099479363957201 9004.50225112556291
10.6185357701988465 9009.50475237618957
10.6271267559590665 9014.50725362681442
10.6357209332976499 9019.50975487743926
10.6443182569316406 9024.51225612806411
10.6529187266712437 9029.51475737869077
10.6615223812897835 9034.51725862931562
10.6701291943577363 9039.51975987994047
10.678739153155874 9044.52226113056531
10.6873522816539239 9049.52476238119198
10.6959685837263159 9054.52726363181682
10.7045880311442847 9059.52976488244167
10.7132106355580277 9064.53226613306651
10.7218364261730859 9069.53476738369318
10.7304653617400341 9074.53726863431802
10.7390974440573963 9079.53976988494287
10.747732722721441 9084.54227113556772
10.7563711459347342 9089.54477238619438
10.7650127134965441 9094.54727363681923
10.7736574742837146 9099.54977488744407
10.7823053846092662 9104.55227613806892
10.7909564388693564 9109.55477738869558
10.7996106816623261 9114.55727863932043
10.8082680785349741 9119.55977988994528
10.8169286189194445 9124.56228114057012
10.8255923455509624 9129.56478239119679
10.8342592283748012 9134.56728364182163
10.842929254279122 9139.56978489244648
10.851602466535752 9144.57228614307132
10.8602788346844843 9149.57478739369799
10.8689583454738248 9154.57728864432283
10.8776410450963965 9159.57978989494768
10.886326897913662 9164.58229114557435
10.8950158929232312 9169.58479239619919
10.9037080816073217 9174.58729364682404
10.9124034184070275 9179.58979489744888
10.9211018977605185 9184.59229614807555
10.9298035763389834 9189.59479739870039
10.9385083964056555 9194.59729864932524
10.9472163678865542 9199.59979989995009
10.9559275294581759 9204.60230115057675
10.9646418320472634 9209.6048024012016
10.9733592972307985 9214.60730365182644
10.982079941030344 9219.60980490245129
10.9908037253685507 9224.61230615307795
10.9995306857861408 9229.6148074037028
11.0082608110198699 9234.61730865432764
11.0169940763054797 9239.61980990495249
11.0257305334453637 9244.62231115557915
11.0344701392913276 9249.624812406204
11.0432128936764435 9254.62731365682885
11.0519588400021913 9259.62981490745369
11.0607079256105667 9264.63231615808036
11.0694601794336176 9269.6348174087052
11.0782156051523728 9274.63731865933005
11.0869741696457407 9279.63981990995489
11.0957359242799694 9284.64232116058156
11.1045008284946878 9289.64482241120641
11.1132688839282068 9294.64732366183125
11.1220401277454144 9299.6498249124561
11.1308145095319944 9304.65232616308276
11.1395920682978868 9309.65482741370761
11.1483727892646751 9314.65732866433245
11.1571566510273339 9319.6598299149573
11.1659437110318258 9324.66233116558396
11.1747339081782755 9329.66483241620881
11.1835272756743667 9334.66733366683366
11.192323811403611 9339.66983491746032
11.2011234840088996 9344.67233616808517
11.2099263581552151 9349.67483741871001
11.2187323685943241 9354.67733866933486
11.2275415492159709 9359.67983991996152
11.236353897585218 9364.68234117058637
11.2451693853448607 9369.68484242121121
11.2539880714557157 9374.68734367183606
11.2628098929888836 9379.68984492246273
11.2716348909316508 9384.69234617308757
11.2804630496880414 9389.69484742371242
11.2892943567153399 9394.69734867433726
11.2981288524840444 9399.69984992496393
11.3069664827836736 9404.70235117558877
11.3158073020466343 9409.70485242621362
11.3246512688093173 9414.70735367683847
11.3334983990224369 9419.70985492746513
11.3423487020152773 9424.71235617808998
11.3512021440351329 9429.71485742871482
11.3600587830161501 9434.71735867933967
11.3689185552786398 9439.71985992996633
11.3777815124038195 9444.72236118059118
11.3866476200624067 9449.72486243121602
11.3955168907475866 9454.72736368184087
11.4043893335388731 9459.72986493246754
11.4132649185943542 9464.73236618309238
11.4221436962460743 9469.73486743371723
11.4310256058896265 9474.73736868434207
11.4399107086998804 9479.73986993496874
11.4487989525700797 9484.74237118559358
11.457690371394099 9489.74487243621843
11.4665849491977987 9494.74737368684328
11.4754826848006903 9499.74987493746994
11.4843835962361052 9504.75237618809479
11.4932876493698366 9509.75487743871963
11.502194894126637 9514.7573786893463
11.5111052691824636 9519.75987993997114
11.5200188432895114 9524.76238119059599
11.5289355509804814 9529.76488244122083
11.5378554441234904 9534.7673836918475
11.5467784841190575 9539.76988494247234
11.5557046970060959 9544.77238619309719
11.5646340689673561 9549.77488744372204
11.5735666022937931 9554.7773886943487
11.5825023058735574 9559.77988994497355
11.5914411603221019 9564.78239119559839
11.6003831951649481 9569.78489244622324
11.609328371405768 9574.7873936968499
11.6182767371481166 9579.78989494747475
11.6272282358388885 9584.7923961980996
11.6361829321090386 9589.79489744872444
11.645140755768093 9594.79739869935111
11.6541017803132902 9599.79989994997595
11.6630659337294791 9604.8024012006008
11.6720332820061081 9609.80490245122564
11.6810037647886258 9614.80740370185231
11.6899774374126064 9619.80990495247715
11.6989542491627319 9624.812406203102
11.7079342467378549 9629.81490745372685
11.716917387049028 9634.81740870435351
11.7259037101670724 9639.81990995497836
11.7348931786249313 9644.8224112056032
11.7438858278656948 9649.82491245622805
11.7528816240481611 9654.82741370685471
11.761880599979591 9659.82991495747956
11.7708827234569018 9664.83241620810441
11.7798880266351329 9669.83491745872925
11.7888964769699101 9674.83741870935592
11.7979081079393655 9679.83991995998076
11.8069228846866672 9684.84242121060561
11.8159408439801226 9689.84492246123045
11.8249619466874982 9694.84742371185712
11.833986234826174 9699.84992496248196
11.8430136630337213 9704.85242621310681
11.8520442805273394 9709.85492746373347
11.8610780337677664 9714.85742871435832
11.8701149811146376 9719.85992996498317
11.8791550589133035 9724.86243121560801
11.8881983366004018 9729.86493246623468
11.8972447427285566 9734.86743371685952
11.9062943469784006 9739.86993496748437
11.9153470844486815 9744.87243621810921
11.9244030122240101 9749.87493746873588
11.9334620814942163 9754.87743871936073
11.9425243322942727 9759.87993996998557
11.9515897338111223 9764.88244122061042
11.9606583071280888 9769.88494247123708
11.9697300413273009 9774.88744372186193
11.9788049366462808 9779.88994497248677
11.9878830039526463 9784.89244622311162
11.9969642207517797 9789.89494747373828
12.006048621579227 9794.89744872436313
12.0151361593296855 9799.89994997498798
12.0242268940813624 9804.90245122561282
12.0333207612314457 9809.90495247623949
12.0424178213157855 9814.90745372686433
12.0515180232586694 9819.90995497748918
12.0606214031217167 9824.91245622811402
12.0697279402327862 9829.91495747874069
12.0788376393210406 9834.91745872936553
12.0879505119651203 9839.91995997999038
12.0970665297183633 9844.92246123061523
12.1061857382498346 9849.92496248124189
12.1153080814420875 9854.92746373186674
12.1244336188640123 9859.92996498249158
12.1335622987346188 9864.93246623311643
12.1426941535678186 9869.93496748374309
12.1518291704441825 9874.93746873436794
12.160967342104561 9879.93996998499279
12.1701086963038829 9884.94247123561945
12.1792531868689569 9889.9449724862443
12.1884008760301654 9894.94747373686914
12.1975517046499675 9899.94997498749399
12.2067057093229607 9904.95247623812065
12.2158628762883428 9909.9549774887455
12.2250231958657789 9914.95747873937034
12.2341867014575936 9919.95997998999519
12.2433533450406618 9924.96248124062186
12.2525231798150074 9929.9649824912467
12.2616961626984384 9934.96748374187155
12.2708723110017299 9939.96998499249639
12.2800516334406584 9944.97248624312306
12.2892340950310057 9949.9749874937479
12.298419756882689 9954.97748874437275
12.307608558661471 9959.9799899949976
12.3168005326240699 9964.98249124562426
12.3259956748211099 9969.98499249624911
12.3351939602485956 9974.98749374687395
12.3443954430841085 9979.9899949974988
12.3536000665636969 9984.99249624812546
12.3628078630091167 9989.99499749875031
12.3720188277045064 9994.99749874937515
12.381232934139307 10000
