0.003526  0.005520
0.03350  0.2025
0.05466  0.3047
0.06700  0.5946
0.07758  0.8003
0.1005  0.9635
0.1111  1.562
0.1252  1.621
0.1340  1.880
0.1481  1.951
0.1605  3.406
0.1851  3.669
0.2010  10.38
0.2239  14.50
0.2398  14.50
0.2662  20.25
0.2821  20.25
0.3121  25.31
0.3262  26.26
0.3421  42.56
0.3579  53.19
0.3932  57.29
0.4055  74.30
0.4267  74.30
0.4408  86.20
0.4620  89.46
0.4796  120.4
0.5378  139.7
0.5589  188.0
0.6224  226.4
0.7159  340.6
0.7423  395.2
0.7423  395.2
0.8093  475.8
0.8693  594.6
0.9151  715.9
0.9574  800.3
0.9839  894.6
1.016  963.5
1.070  1118
1.111  1204
1.178  1450
1.238  1621
1.278  1812
1.278  1812
1.337  2025
1.375  2181
1.407  2264
