0 0
0.00312307217024261445 2.50125062531265652
0.00624135810234545483 5.00250125062531303
0.00935423689310134303 7.50375187593796955
0.0124622018829190096 10.0050025012506261
0.0155651131637969883 12.5062531265632835
0.0186630091236179886 15.0075037518759391
0.0217561735580600567 17.5087543771885947
0.0248442456129778118 20.0100050025012521
0.0279278788059144009 22.5112556278139095
0.0310063655083996879 25.0125062531265669
0.0340806025474294713 27.5137568784392208
0.0371498116860454128 30.0150075037518782
0.0402148067827650182 32.5162581290645321
0.04327501607887764 35.0175087543771895
0.0463309919573208356 37.5187593796898469
0.049382400003302164 40.0200100050025043
0.0524295735250353417 42.5212606303151617
0.0554723744748484848 45.0225112556278191
0.0585109568215510106 47.5237618809404765
0.0615453405133055964 50.0250125062531339
0.0645755373631330398 52.5262631315657842
0.0676016894377110961 55.0275137568784416
0.0706237011356776329 57.528764382191099
0.0736418031515750221 60.0300150075037564
0.0766558248741801146 62.5312656328164138
0.0796660544187021147 65.0325162581290641
0.0826722763330176996 67.5337668834417286
0.0856748071299616859 70.0350175087543789
0.0886734145473858648 72.5362681340670434
0.0916684165613382979 75.0375187593796937
0.0946595900862133854 77.5387693846923582
0.0976472296235829096 80.0400200100050085
0.100631145296866398 82.5412706353176588
0.103611585103769971 85.0425212606303234
0.106588414541940485 87.5437718859429737
0.109561813899054034 90.0450225112556382
0.112531724428424337 92.5462731365682885
0.115498239242906059 95.047523761880953
0.118461394029510669 97.5487743871936033
0.1214211769240989 100.050025012506268
0.124377735099314907 102.551275637818918
0.12733093549869981 105.052526263131568
0.130281052280753817 107.553776888444233
0.133227816495318008 110.055027513756883
0.136171643306825574 112.556278139069548
0.139112114613843596 115.057528764382198
0.14204979919552238 117.558779389694863
0.144984117917907301 120.060030015007513
0.1479157359246763 122.561280640320163
0.150844108021278206 125.062531265632828
0.153769770591537513 127.563781890945478
0.156692360268410935 130.065032516258128
0.159612200884765076 132.566283141570807
0.162529143909342921 135.067533766883457
0.165443293350475223 137.568784392196108
0.168354722269136392 140.070035017508758
0.17126330867874287 142.571285642821408
0.174169352912051129 145.072536268134087
0.177072501865735032 147.573786893446737
0.179973259967347643 150.075037518759387
0.182871122370822259 152.576288144072038
0.185766619855316645 155.077538769384716
0.1886594142688377 157.578789394697367
0.191549770752321158 160.080040020010017
0.19443761639764584 162.581290645322667
0.197322949141309628 165.082541270635318
0.200205962501179557 167.583791895947996
0.203086386470015534 170.085042521260647
0.205964649540340439 172.586293146573297
0.20884030928790992 175.087543771885947
0.211713825774849707 177.588794397198626
0.214584939378972744 180.090045022511276
0.217453818909096763 182.591295647823927
0.220320493890422048 185.092546273136577
0.223184843981512254 187.593796898449227
0.226047185457533883 190.095047523761906
0.228907111570226224 192.596298149074556
0.231765088530648061 195.097548774387207
0.23462082791263042 197.598799399699857
0.237474529935301742 200.100050025012536
0.240326195021329458 202.601300650325186
0.243175722775379383 205.102551275637836
0.246023410209680771 207.603801900950486
0.248868863059094614 210.105052526263137
0.251712518630496651 212.606303151575815
0.254554142836912189 215.107553776888466
0.257393862693850783 217.608804402201116
0.260231750306071097 220.110055027513766
0.263067628812284848 222.611305652826417
0.2659018129672443 225.112556278139095
0.268733999689018177 227.613806903451746
0.271564476148266898 230.115057528764396
0.274393154415129958 232.616308154077046
0.277220013375240215 235.117558779389725
0.280045268563847816 237.618809404702375
0.282868598576778207 240.120060030015026
0.285690371596137749 242.621310655327676
0.288510402293755297 245.122561280640326
0.291328771940737918 247.623811905953005
0.294145591767014103 250.125062531265655
0.296960642747979342 252.626313156578306
0.29977422907375284 255.127563781890956
0.302586146526566624 257.628814407203606
0.305396534410372456 260.130065032516256
0.308205442688017028 262.631315657828907
0.311012713200316593 265.132566283141614
0.313818607613463474 267.633816908454264
0.316622920402994446 270.135067533766914
0.3194258126032955 272.636318159079565
0.322227308069588658 275.137568784392215
0.32502727568802281 277.638819409704865
0.327825952172236201 280.140070035017516
0.330623144728017404 282.641320660330166
0.333419006991214406 285.142571285642816
0.33621356485150633 287.643821910955523
0.339006687269242379 290.145072536268174
0.341798600106383577 292.646323161580824
0.344589134187640644 295.147573786893474
0.3473784129933849 297.648824412206125
0.350166486359714257 300.150075037518775
0.35295320242675271 302.651325662831425
0.355738787224659125 305.152576288144076
0.358523103300633916 307.653826913456726
0.36130622686271624 310.155077538769433
0.364088248094192879 312.656328164082083
0.366868978792128819 315.157578789394734
0.369648653449428599 317.658829414707384
0.372427171985637295 320.160080040020034
0.375204551191724911 322.661330665332684
0.377980917155131768 325.162581290645335
0.380756082501143012 327.663831915957985
0.383530248113363281 330.165082541270635
0.386303370770522014 332.666333166583343
0.389075400064893995 335.167583791895993
0.391846486759946933 337.668834417208643
0.394616493206102148 340.170085042521293
0.397385534917034711 342.671335667833944
0.400153645668876734 345.172586293146594
0.402920703881994136 347.673836918459244
0.405686887425919795 350.175087543771895
0.408452108768887268 352.676338169084545
0.4112163965708861 355.177588794397252
0.413979848389176064 357.678839419709902
0.416742313875102022 360.180090045022553
0.419503955679944696 362.681340670335203
0.422264749656711902 365.182591295647853
0.4250246391433255 367.683841920960504
0.427783756533691051 370.185092546273154
0.430542006340365047 372.686343171585804
0.433299453839349147 375.187593796898454
0.436056163060982604 377.688844422211162
0.438811996135080984 380.190095047523812
0.441567118604850595 382.691345672836462
0.444321486604026539 385.192596298149112
0.447075073935137624 387.693846923461763
0.449827985713926293 390.195097548774413
0.452580132298489868 392.696348174087063
0.455331586441653891 395.197598799399714
0.458082392740800592 397.698849424712364
0.460832441390392977 400.200100050025071
0.46358187240388804 402.701350675337721
0.466330647219048766 405.202601300650372
0.469078747337800472 407.703851925963022
0.471826262852120537 410.205102551275672
0.474573118470423327 412.706353176588323
0.477319376037889931 415.207603801900973
0.480065078675295354 417.708854427213623
0.482810127365634389 420.210105052526274
0.485554646046151228 422.711355677838924
0.488298607520054717 425.212606303151631
0.491041987582357564 427.713856928464281
0.493784868788022357 430.215107553776932
0.496527194495673951 432.716358179089582
0.499269005811646127 435.217608804402232
0.502010348763244463 437.718859429714882
0.504751141655377156 440.220110055027533
0.507491481957264789 442.721360680340183
0.510231361525432581 445.222611305652833
0.5129707444000563 447.723861930965541
0.515709709328216692 450.225112556278191
0.518448219349901263 452.726363181590841
0.521186291666101198 455.227613806903491
0.523923974824717753 457.728864432216142
0.526661212127064293 460.230115057528792
0.529398066106860576 462.731365682841442
0.532134550885975166 465.232616308154093
0.534870618347814242 467.733866933466743
0.537606344267969272 470.23511755877945
0.540341709930024616 472.7363681840921
0.543076710513752059 475.237618809404751
0.545811396756776035 477.738869434717401
0.548545734499377491 480.240120060030051
0.551279755302550578 482.741370685342702
0.554013488406088217 485.242621310655352
0.556746887418637648 487.743871935968002
0.559480013727792547 490.245122561280652
0.562212867000385752 492.74637318659336
0.564945425956090763 495.24762381190601
0.567677741293487581 497.74887443721866
0.570409797383530592 500.250125062531311
0.573141601974560988 502.751375687843961
0.575873188143465331 505.252626313156611
0.578604531212685402 507.753876938469261
0.581335662077286042 510.255127563781912
0.58406659876745759 512.756378189094562
0.586797311617680339 515.257628814407212
0.589527847748989586 517.758879439719863
0.592258205044090325 520.260130065032513
0.594988376704716937 522.761380690345163
0.597718395492330301 525.262631315657814
0.600448252915163905 527.763881940970577
0.603177959689645715 530.265132566283228
0.60590753695989974 532.766383191595878
0.608636972370841356 535.267633816908528
0.611366289026907039 537.768884442221179
0.614095498108581772 540.270135067533829
0.616824588726447409 542.771385692846479
0.619553588534296651 545.27263631815913
0.622282499301059278 547.77388694347178
0.625011322744372433 550.27513756878443
0.627740077513707306 552.77638819409708
0.630468763662099585 555.277638819409731
0.633197390752057609 557.778889444722381
0.635925970867994406 560.280140070035031
0.638654504598478501 562.781390695347682
0.641383004756206687 565.282641320660332
0.644111478963455331 567.783891945972982
0.646839931272725766 570.285142571285633
0.649568372553357976 572.786393196598397
0.652296809129272237 575.287643821911047
0.655025248711208818 577.788894447223697
0.657753697836950701 580.290145072536347
0.660482165233549745 582.791395697848998
0.663210657908802625 585.292646323161648
0.665939180301012179 587.793896948474298
0.66866774562002762 590.295147573786949
0.671396355930267363 592.796398199099599
0.674125016678240985 595.297648824412249
0.676853744770058441 597.7988994497249
0.679582536008450866 600.30015007503755
0.68231140144447977 602.8014007003502
0.685040353398644664 605.30265132566285
0.687769387639432073 607.803901950975501
0.69049852148070201 610.305152576288151
0.693227758547493744 612.806403201600801
0.695957096674713283 615.307653826913452
0.698686561416157148 617.808904452226216
0.701416143675198556 620.310155077538866
0.704145848152997411 622.811405702851516
0.706875702357078195 625.312656328164167
0.709605688744643914 627.813906953476817
0.712335823645720234 630.315157578789467
0.715066121972202096 632.816408204102117
0.717796570307739801 635.317658829414768
0.720527195061921755 637.818909454727418
0.723257994575679075 640.320160080040068
0.725988961587570425 642.821410705352719
0.728720134515115414 645.322661330665369
0.731451491207470106 647.823911955978019
0.734183038587622017 650.32516258129067
0.736914810898073092 652.82641320660332
0.739646779711315427 655.32766383191597
0.742378968228008307 657.82891445722862
0.745111389959146386 660.330165082541271
0.747844024810362829 662.831415707853921
0.75057690999977833 665.332666333166685
0.753310034376303839 667.833916958479335
0.756043388180533849 670.335167583791986
0.75877702456867413 672.836418209104636
0.761510903828964691 675.337668834417286
0.764245040714894852 677.838919459729937
0.766979469649532564 680.340170085042587
0.769714155067705685 682.841420710355237
0.772449130155543062 685.342671335667887
0.775184400074548474 687.843921960980538
0.777919941981914609 690.345172586293188
0.780655807261388834 692.846423211605838
0.783391967859538685 695.347673836918489
0.786128419859455363 697.848924462231139
0.78886522220399935 700.350175087543789
0.791602322268269654 702.85142571285644
0.794339747483897796 705.35267633816909
0.797077522445459596 707.85392696348174
0.799815609874918287 710.355177588794504
0.802554057921298192 712.856428214107154
0.805292852799569525 715.357678839419805
0.808031974624730531 717.858929464732455
0.810771494252050751 720.360180090045105
0.813511355491283061 722.861430715357756
0.816251574784506384 725.362681340670406
0.81899219700697401 727.863931965983056
0.821733170214448139 730.365182591295707
0.824474539025275011 732.866433216608357
0.827216304223900689 735.367683841921007
0.829958434187901717 737.868934467233657
0.832700999092360616 740.370185092546308
0.83544395150266848 742.871435717858958
0.838187293572975944 745.372686343171608
0.840931088990703568 747.873936968484259
0.843675272058559189 750.375187593796909
0.846419884748390472 752.876438219109559
0.849164940375919164 755.377688844422323
0.851910396774242629 757.878939469734973
0.854656324616639318 760.380190095047624
0.857402682605232558 762.881440720360274
0.860149461842609542 765.382691345672924
0.862896741031745518 767.883941970985575
0.865644442787003254 770.385192596298225
0.868392608497425167 772.886443221610875
0.871141259631467157 775.387693846923526
0.873890345828881698 777.888944472236176
0.876639940622838676 780.390195097548826
0.879390003884536142 782.891445722861476
0.882140521230717178 785.392696348174127
0.884891580269217548 787.893946973486777
0.88764309513660844 790.395197598799427
0.89039510986973458 792.896448224112078
0.893147647394059274 795.397698849424728
0.895900652654967322 797.898949474737378
0.898654205573722775 800.400200100050142
0.901408259905859044 802.901450725362793
0.904162803643957069 805.402701350675443
0.90691792491140899 807.903951975988093
0.909673533706796711 810.405202601300743
0.912429681089870104 812.906453226613394
0.915186382473229365 815.407703851926044
0.917943582734284558 817.908954477238694
0.920701372851201905 820.410205102551345
0.923459690912114661 822.911455727863995
0.926218537391724217 825.412706353176645
0.928977990314026725 827.913956978489296
0.931737960983195834 830.415207603801946
0.934498512971103867 832.916458229114596
0.937259642992653297 835.417708854427246
0.940021301582465774 837.918959479739897
0.942783596551797776 840.420210105052547
0.945546438567590464 842.921460730365197
0.948309852871710435 845.422711355677848
0.9510738946151861 847.923961980990612
0.953838482922524711 850.425212606303262
0.956603700444313865 852.926463231615912
0.959369511870043823 855.427713856928563
0.96213588647345849 857.928964482241213
0.964902936864089344 860.430215107553863
0.967670551287923897 862.931465732866513
0.970438787847374584 865.432716358179164
0.973207663966456971 867.933966983491814
0.975977114137635549 870.435217608804464
0.978747247692478894 872.936468234117115
0.981517981906649295 875.437718859429765
0.984289331657698052 877.938969484742415
0.987061365064953233 880.440220110055066
0.989833989192727581 882.941470735367716
0.992607292353143933 885.442721360680366
0.995381237395398411 887.943971985993016
0.99815579223608486 890.445222611305667
1.00093107292525474 892.946473236618431
1.00370696052046471 895.447723861931081
1.00648352381042305 897.948974487243731
1.00926076816778432 900.450225112556382
1.0120386287136971 902.951475737869032
1.01481723325963724 905.452726363181682
1.01759647133153175 907.953976988494333
1.02037638313408507 910.455227613806983
1.0231570128247307 912.956478239119633
1.02593827415391381 915.457728864432283
1.02872028011649808 917.958979489744934
1.0315029532526343 920.460230115057584
1.03428629987622522 922.961480740370234
1.03707039852805782 925.462731365682885
1.03985514382457667 927.963981990995535
1.0426406362474927 930.465232616308185
1.04542682669042475 932.966483241620836
1.04821369243210216 935.467733866933486
1.05100134135818002 937.96898449224625
1.05378965150529869 940.4702351175589
1.05657871345914445 942.97148574287155
1.05936850118006554 945.472736368184201
1.06215896838580459 947.973986993496851
1.06495024665678062 950.475237618809501
1.06774220030886791 952.976488244122152
1.07053491294977254 955.477738869434802
1.07332837571925332 957.978989494747452
1.07612252484155868 960.480240120060103
1.07891750935528408 962.981490745372753
1.08171318300690023 965.482741370685403
1.08450962563253039 967.983991995998053
1.08730683908850279 970.485242621310704
1.09010474957067593 972.986493246623354
1.09290351428987997 975.487743871936004
1.0957029823421871 977.988994497248655
1.0985032324452928 980.490245122561305
1.10130427015840926 982.991495747873955
1.10410601803926078 985.492746373186719
1.1069086365038161 987.99399699849937
1.10971197132844268 990.49524762381202
1.11251610464808826 992.99649824912467
1.11532103818458439 995.49774887443732
1.11812669764836969 997.998999499749971
1.12093324153763119 1000.50025012506262
1.12374051353810644 1003.00150075037527
1.12654860410872759 1005.50275137568792
1.1293575030909071 1008.00400200100057
1.1321671484123792 1010.50525262631322
1.13497768570795166 1013.00650325162587
1.13778896337883206 1015.50775387693852
1.14060108357724754 1018.00900450225117
1.14341401574170076 1020.51025512756382
1.14622771868582207 1023.01150575287647
1.1490423163754464 1025.51275637818912
1.15185766635923703 1028.01400700350177
1.15467388694972928 1030.51525762881442
1.15749091820339123 1033.01650825412707
1.16030874893866587 1035.51775887943973
1.16312747220248425 1038.01900950475238
1.16594695934446357 1040.52026013006503
1.16876734952204475 1043.02151075537768
1.17158854399619416 1045.52276138069033
1.17441057113727854 1048.02401200600298
1.17723348340102851 1050.52526263131563
1.18005717080206418 1053.0265132566285
1.18288179823402984 1055.52776388194115
1.18570721833632198 1058.02901450725381
1.18853350898496002 1060.53026513256646
1.19136067197123552 1063.03151575787911
1.1941886359600884 1065.53276638319176
1.19701755190455605 1068.03401700850441
1.19984725836918193 1070.53526763381706
1.20267787815356364 1073.03651825912971
1.20550935193123743 1075.53776888444236
1.20834167055680908 1078.03901950975501
1.21117492145796102 1080.54027013506766
1.2140089733940127 1083.04152076038031
1.21684398650663517 1085.54277138569296
1.21967982953852272 1088.04402201100561
1.22251656646039897 1090.54527263631826
1.22535421014224433 1093.04652326163091
1.22819268052990238 1095.54777388694356
1.23103213431448921 1098.04902451225621
1.23387240350333283 1100.55027513756886
1.23671362099484572 1103.05152576288151
1.23955571373943019 1105.55277638819416
1.24239868895477534 1108.05402701350681
1.24524261446159867 1110.55527763881946
1.24808736519444485 1113.05652826413211
1.25093312417731672 1115.55777888944476
1.25377972076846822 1118.05902951475741
1.25662726123013946 1120.56028014007006
1.25947571264667002 1123.06153076538271
1.26232504380121724 1125.56278139069536
1.26517535891545529 1128.06403201600801
1.26802651268102395 1130.56528264132066
1.27087867750136452 1133.06653326663331
1.27373170757573773 1135.56778389194596
1.27658568617253954 1138.06903451725861
1.27944060119783543 1140.57028514257127
1.28229640254017152 1143.07153576788392
1.28515321106736025 1145.57278639319679
1.28801087114860491 1148.07403701850944
1.29086955454982522 1150.57528764382209
1.29372912027788245 1153.07653826913474
1.29658964885761296 1155.57778889444739
1.29945112856202494 1158.07903951976004
1.30231351105135729 1160.58029014507269
1.30517691297394833 1163.08154077038535
1.30804117885155557 1165.582791395698
1.31090649033712858 1168.08404202101065
1.31377269012957076 1170.5852926463233
1.31663987732694343 1173.08654327163595
1.31950801906299042 1175.5877938969486
1.32237709047198759 1178.08904452226125
1.32524718209596282 1180.5902951475739
1.32811814959400065 1183.09154577288655
1.33099019552806364 1185.5927963981992
1.33386312417950714 1188.09404702351185
1.33673707551557497 1190.5952976488245
1.33961197305968471 1193.09654827413715
1.34248783807274541 1195.5977988994498
1.3453647121674599 1198.09904952476245
1.34824249907304172 1200.6003001500751
1.35112135729583938 1203.10155077538775
1.35400110612188396 1205.6028014007004
1.35688192409913566 1208.10405202601305
1.35976366778689295 1210.6053026513257
1.36264642809417325 1213.10655327663835
1.36553017402580812 1215.607803901951
1.3684148846614872 1218.10905452726365
1.37130064014165098 1220.6103051525763
1.37418730904650466 1223.11155577788895
1.37707508130315204 1225.6128064032016
1.37996375815842121 1228.11405702851425
1.38285351254590871 1230.6153076538269
1.3857442164049083 1233.11655827913955
1.38863594877353513 1235.61780890445243
1.39152868667809915 1238.11905952976508
1.39442240475879387 1240.62031015507773
1.39731718367683899 1243.12156078039038
1.40021289514472169 1245.62281140570303
1.4031097219710178 1248.12406203101568
1.4060074666938398 1250.62531265632833
1.40890631600266936 1253.12656328164098
1.41180611837862902 1255.62781390695363
1.41470698008706286 1258.12906453226628
1.41760884683349042 1260.63031515757893
1.42051172841377937 1263.13156578289158
1.4234156661774835 1265.63281640820423
1.42632057504778165 1268.13406703351689
1.42922659040577904 1270.63531765882954
1.43213353629499451 1273.13656828414219
1.43504163339070168 1275.63781890945484
1.43795066615941858 1278.13906953476749
1.44086080888277168 1280.64032016008014
1.44377193493876765 1283.14157078539279
1.44668413051172706 1285.64282141070544
1.44959735619547114 1288.14407203601809
1.45251161178754162 1290.64532266133074
1.45542694337288303 1293.14657328664339
1.45834326610143106 1295.64782391195604
1.46126070979627887 1298.14907453726869
1.46417910672684726 1300.65032516258134
1.46709866867384475 1303.15157578789399
1.47001917840368757 1305.65282641320664
1.472940833097655 1308.15407703851929
1.4758634697365185 1310.65532766383194
1.47878721604463959 1313.15657828914459
1.4817119855770029 1315.65782891445724
1.48463783037754538 1318.15907953976989
1.4875647387249149 1320.66033016508254
1.49049268884588249 1323.16158079039519
1.49342174186742982 1325.66283141570784
1.49635180408686752 1328.16408204102072
1.49928300758005917 1330.66533266633337
1.50221518862635528 1333.16658329164602
1.50514854832757417 1335.66783391695867
1.50808287182536738 1338.16908454227132
1.51101837646492054 1340.67033516758397
1.51395486424065751 1343.17158579289662
1.51689250423812627 1345.67283641820927
1.51983116188026002 1348.17408704352192
1.52277094378519862 1350.67533766883457
1.52571177682322223 1353.17658829414722
1.52865370713701543 1355.67783891945987
1.5315967210420518 1358.17908954477252
1.53454080621820466 1360.68034017008517
1.53748600640358934 1363.18159079539782
1.54043225284801921 1365.68284142071047
1.54337964466987931 1368.18409204602312
1.54632805874120005 1370.68534267133577
1.54927764749902375 1373.18659329664843
1.5522282355088366 1375.68784392196108
1.55518002644603492 1378.18909454727373
1.55813280045803437 1380.69034517258638
1.56108679296367892 1383.19159579789903
1.56404177651345155 1385.69284642321168
1.5669979584033098 1388.19409704852433
1.5699551565985852 1390.69534767383698
1.57291353401569833 1393.19659829914963
1.57587295191005095 1395.69784892446228
1.57883353095184997 1398.19909954977493
1.58179517354523758 1400.70035017508758
1.58475796026381999 1403.20160080040023
1.58772183250310905 1405.70285142571288
1.59068683290551616 1408.20410205102553
1.59365293968500943 1410.70535267633818
1.59662015973350124 1413.20660330165083
1.5995885058954511 1415.70785392696348
1.6025579515077788 1418.20910455227636
1.60552854184290217 1420.71035517758901
1.60850021889258166 1423.21160580290166
1.6114730581405623 1425.71285642821431
1.61444697245714508 1428.21410705352696
1.61742206530713939 1430.71535767883961
1.6203982226764817 1433.21660830415226
1.62337557376760744 1435.71785892946491
1.62635397993214026 1438.21910955477756
1.62933359385397103 1440.72036018009021
1.63231425451296475 1443.22161080540286
1.63529613580601074 1445.72286143071551
1.63827905661584561 1448.22411205602816
1.64126320977203255 1450.72536268134081
1.64424839634645914 1453.22661330665346
1.64723482580960368 1455.72786393196611
1.65022228372000912 1458.22911455727876
1.65321099388628401 1460.73036518259141
1.65620072866195489 1463.23161580790406
1.65919172388035419 1465.73286643321671
1.66218374100873545 1468.23411705852936
1.66517702558153169 1470.73536768384201
1.66817133050848887 1473.23661830915466
1.67116690869168694 1475.73786893446731
1.67416350782186885 1478.23911955977997
1.67716138282554628 1480.74037018509262
1.68016028150235774 1483.24162081040527
1.68316045751139765 1485.74287143571792
1.68616165987913891 1488.24412206103057
1.68916414219178135 1490.74537268634322
1.69216765235002775 1493.24662331165587
1.6951724462241804 1495.74787393696852
1.69817827039473856 1498.24912456228117
1.70118537888170418 1500.75037518759382
1.70419352266725443 1503.25162581290647
1.70720294935376415 1505.75287643821912
1.71021341791628956 1508.25412706353177
1.71322516674674641 1510.75537768884465
1.71623796520868677 1513.2566283141573
1.71925204008467691 1515.75787893946995
1.72226717352917702 1518.2591295647826
1.7252835783098821 1520.76038019009525
1.72830105178104065 1523.2616308154079
1.73131979028364213 1525.76288144072055
1.73433960878675797 1528.2641320660332
1.73736068478684169 1530.76538269134585
1.74038285328866049 1533.2666333166585
1.74340627052061192 1535.76788394197115
1.74643079394956957 1538.2691345672838
1.7494565561069686 1540.77038519259645
1.7524834393534332 1543.2716358179091
1.75551155008944626 1545.77288644322175
1.75854079800596397 1548.2741370685344
1.76157126093372396 1550.77538769384705
1.7646028783352552 1553.2766383191597
1.76763569702824852 1555.77788894447235
1.77066968869241115 1558.279139569785
1.77370486668485094 1560.78039019509765
1.7767412373521565 1563.2816408204103
1.77977877813935859 1565.78289144572295
1.7828175325134501 1568.2841420710356
1.78585743955220133 1570.78539269634825
1.78889858230009047 1573.2866433216609
1.79194085900901401 1575.78789394697355
1.79498439476131422 1578.2891445722862
1.79802904452123169 1580.79039519759885
1.80107497787239401 1583.29164582291151
1.80412200402668388 1585.79289644822416
1.80717033953522654 1588.29414707353681
1.81021975536588497 1590.79539769884946
1.81327048757892006 1593.29664832416211
1.8163223126388226 1595.79789894947476
1.81937542976037547 1598.29914957478741
1.82242966852160104 1600.80040020010028
1.82548517376485875 1603.30165082541293
1.82854183066429776 1605.80290145072559
1.83159972720657693 1608.30415207603824
1.83465880664615733 1610.80540270135089
1.83771909762923924 1613.30665332666354
1.8407806039761565 1615.80790395197619
1.84384329250662571 1618.30915457728884
1.84690723009356472 1620.81040520260149
1.84997231924313654 1623.31165582791414
1.85303869236849983 1625.81290645322679
1.85610618517434967 1628.31415707853944
1.85917499810247944 1630.81540770385209
1.86224491268464898 1633.31665832916474
1.86531615452896737 1635.81790895447739
1.86838851556783969 1638.31915957979004
1.87146216881391614 1640.82041020510269
1.87453698049150641 1643.32166083041534
1.8776130480563058 1645.82291145572799
1.8806903145212881 1648.32416208104064
1.88376879928867402 1650.82541270635329
1.88684852465660047 1653.32666333166594
1.88992942947764853 1655.82791395697859
1.89301161783116845 1658.32916458229124
1.89609494552446978 1660.83041520760389
1.89917960091354465 1663.33166583291654
1.90226537360945747 1665.83291645822919
1.90535248070763163 1668.33416708354184
1.90844072678653842 1670.83541770885449
1.91153026395319547 1673.33666833416714
1.91462098738577913 1675.83791895947979
1.91771295732637537 1678.33916958479244
1.92080616205133325 1680.84042021010509
1.92390056744019233 1683.34167083541774
1.92699625736444968 1685.84292146073039
1.93009310084504859 1688.34417208604305
1.93319127984396766 1690.8454227113557
1.93629058896256012 1693.34667333666857
1.93939123594681995 1695.84792396198122
1.94249304023665759 1698.34917458729387
1.94559613206852156 1700.85042521260652
1.94870043532820514 1703.35167583791917
1.95180597454365756 1705.85292646323182
1.954912780540913 1708.35417708854447
1.95802076964637295 1710.85542771385713
1.96113008211825579 1713.35667833916978
1.96424053492106343 1715.85792896448243
1.96735234624395017 1718.35917958979508
1.97046531141855419 1720.86043021510773
1.97357957904243175 1723.36168084042038
1.97669506025113373 1725.86293146573303
1.9798117865793261 1728.36418209104568
1.98292978745443382 1730.86543271635833
1.98604897486191434 1733.36668334167098
1.9891694990059432 1735.86793396698363
1.99229117342338014 1738.36918459229628
1.99541420082547383 1740.87043521760893
1.99853840421421824 1743.37168584292158
2.00166389877561901 1745.87293646823423
2.00479063466541518 1748.37418709354688
2.00791859866220834 1750.87543771885953
2.01104787055366785 1753.37668834417218
2.01417830623475957 1755.87793896948483
2.01731011759956003 1758.37918959479748
2.02044308891467406 1760.88044022011013
2.02357738146800559 1763.38169084542278
2.02671289776869124 1765.88294147073543
2.02984966776869502 1768.38419209604808
2.03298773245581277 1770.88544272136073
2.03612698205652976 1773.38669334667338
2.03926759850265471 1775.88794397198603
2.04240938229045366 1778.38919459729868
2.04555250138167688 1780.89044522261133
2.04869684229640381 1783.39169584792398
2.05184244651161007 1785.89294647323686
2.05498934785650222 1788.39419709854951
2.05813743925788462 1790.89544772386216
2.06128690430853245 1793.39669834917481
2.06443754393755441 1795.89794897448746
2.06758951693759085 1798.39919959980011
2.07074272549864524 1800.90045022511276
2.07389719097650627 1803.40170085042541
2.07705297167730718 1805.90295147573806
2.0802099320936045 1808.40420210105071
2.0833682876274966 1810.90545272636336
2.0865278253106796 1813.40670335167601
2.08968867845191486 1815.90795397698867
2.09285079654283246 1818.40920460230132
2.0960141492024178 1820.91045522761397
2.0991788508153344 1823.41170585292662
2.10234473912011799 1825.91295647823927
2.10551199310319648 1828.41420710355192
2.10868046991996572 1830.91545772886457
2.1118502283315701 1833.41670835417722
2.11502129670915684 1835.91795897948987
2.1181935613761449 1838.41920960480252
2.12136722433740754 1840.92046023011517
2.12454208081648543 1843.42171085542782
2.12771825760554334 1845.92296148074047
2.13089571352377316 1848.42421210605312
2.13407440126588988 1850.92546273136577
2.13725445958211235 1853.42671335667842
2.1404357162656491 1855.92796398199107
2.143618323670339 1858.42921460730372
2.14680218751312424 1860.93046523261637
2.14998731041973201 1863.43171585792902
2.15317378431756934 1865.93296648324167
2.15636146135839013 1868.43421710855432
2.15955051123812858 1870.93546773386697
2.16274080300229299 1873.43671835917962
2.16593237278731587 1875.9379689844925
2.1691252821085607 1878.43921960980515
2.17231939927515239 1880.9404702351178
2.1755149031189025 1883.44172086043045
2.17871164241915904 1885.9429714857431
2.18190967042930595 1888.44422211105575
2.18510903463586148 1890.9454727363684
2.18830961131736368 1893.44672336168105
2.19151158025175219 1895.9479739869937
2.19471478632568306 1898.44922461230635
2.19791928354849908 1900.950475237619
2.2011251217273391 1903.45172586293165
2.20433217693853312 1905.9529764882443
2.20754062173579158 1908.45422711355695
2.21075031344881978 1910.9554777388696
2.21396129052054924 1913.45672836418225
2.21717362138868435 1915.9579789894949
2.22038717377497363 1918.45922961480755
2.22360210486069576 1920.96048024012021
2.22681830071105358 1923.46173086543286
2.23003576792433167 1925.96298149074551
2.23325460983376001 1928.46423211605816
2.23647467767613817 1930.96548274137081
2.23969610513687334 1933.46673336668346
2.24291882326055791 1935.96798399199611
2.24614279057192823 1938.46923461730876
2.24936816151457419 1940.97048524262141
2.25259476273458414 1943.47173586793406
2.25582269632525012 1945.97298649324671
2.25905195450096263 1948.47423711855936
2.26228244562388925 1950.97548774387201
2.26551434915087002 1953.47673836918466
2.26874750131553782 1955.97798899449731
2.27198195046667939 1958.47923961980996
2.27521776612074778 1960.98049024512261
2.27845481895564372 1963.48174087043526
2.28169324375932803 1965.98299149574791
2.28493296408608737 1968.48424212106079
2.28817393791096446 1970.98549274637344
2.29141632812223772 1973.48674337168609
2.29465995967919767 1975.98799399699874
2.29790491468238534 1978.48924462231139
2.301151220043963 1980.99049524762404
2.30439876931535581 1983.49174587293669
2.30764770885021608 1985.99299649824934
2.31089793579740377 1988.49424712356199
2.31414942961666448 1990.99549774887464
2.31740233654595329 1993.49674837418729
2.32065649144165143 1995.99799899949994
2.3239119750201449 1998.49924962481259
2.32716881368865192 2001.00050025012524
2.33042690282383846 2003.50175087543789
2.33368637933590506 2006.00300150075054
2.33694715598676073 2008.50425212606319
2.34020919174599706 2011.00550275137584
2.34347265813466787 2013.50675337668849
2.34673737893995371 2016.00800400200114
2.35000341257235235 2018.50925462731379
2.35327082677971866 2021.01050525262644
2.35653949784095795 2023.51175587793909
2.35980953234792157 2026.01300650325175
2.36308090042872854 2028.5142571285644
2.36635352777737484 2031.01550775387705
2.36962756609625114 2033.5167583791897
2.37290289403556498 2036.01800900450235
2.37617949799864103 2038.519259629815
2.37945752863840454 2041.02051025512765
2.38273682235210194 2043.5217608804403
2.38601743468557848 2046.02301150575295
2.38929943459475247 2048.52426213106583
2.3925826999300166 2051.02551275637825
2.39586732340633413 2053.52676338169113
2.39915329838677183 2056.02801400700355
2.40244054112258931 2058.52926463231643
2.40572917845308831 2061.03051525762885
2.40901913423882874 2063.53176588294173
2.41231036008648125 2066.03301650825415
2.41560301392219134 2068.53426713356703
2.41889695617995271 2071.03551775887945
2.42219218307573003 2073.53676838419233
2.42548884371593187 2076.03801900950475
2.42878677804561693 2078.53926963481763
2.43208602554492082 2081.04052026013005
2.43538668154430393 2083.54177088544293
2.43868861347948673 2086.04302151075535
2.44199188407813628 2088.54427213606823
2.44529654092675175 2091.04552276138065
2.44860247593518654 2093.54677338669353
2.45190977207146776 2096.04802401200595
2.45521843519392302 2098.54927463731883
2.45852837867803586 2101.05052526263125
2.46183970273344688 2103.55177588794413
2.46515237748939908 2106.05302651325701
2.46846633478679189 2108.55427713856943
2.47178168908677032 2111.05552776388231
2.4750983807714273 2113.55677838919473
2.47841635715537567 2116.05802901450761
2.48173574397002028 2118.55927963982003
2.48505645781463835 2121.06053026513291
2.48837845849458716 2123.56178089044533
2.49170188003937376 2126.06303151575821
2.49502662121175112 2128.56428214107063
2.49835265133382256 2131.06553276638351
2.50168010977030031 2133.56678339169594
2.50500888337528238 2136.06803401700881
2.50833894802276358 2138.56928464232124
2.51167044545925844 2141.07053526763411
2.51500325653922463 2143.57178589294654
2.5183373607330779 2146.07303651825941
2.52167289922536764 2148.57428714357184
2.52500975276073936 2151.07553776888471
2.52834790146008848 2153.57678839419714
2.5316874830120879 2156.07803901951002
2.53502838392181573 2158.57928964482244
2.53837058202444998 2161.08054027013532
2.54171420858887709 2163.58179089544774
2.54505916173094127 2166.08304152076062
2.54840541407380838 2168.58429214607304
2.55175308755284247 2171.08554277138592
2.55510209772474228 2173.58679339669834
2.55845240908444538 2176.08804402201122
2.56180413133037987 2178.58929464732364
2.56515720326962926 2181.09054527263652
2.56851157836291888 2183.59179589794894
2.5718673511788066 2186.09304652326182
2.5752244895634262 2188.59429714857424
2.57858293304769193 2191.09554777388712
2.58194275818797658 2193.59679839919954
2.58530396763698356 2196.09804902451242
2.58866648411074829 2198.5992996498253
2.59203036328189507 2201.10055027513772
2.59539564835579206 2203.6018009004506
2.59876224235919695 2206.10305152576302
2.6021301772203107 2208.6043021510759
2.60549954242157211 2211.10555277638832
2.60887021843686995 2213.6068034017012
2.61224221060030493 2216.10805402701362
2.61561566037386761 2218.6093046523265
2.61899042282590466 2221.11055527763892
2.62236649873835814 2223.6118059029518
2.62574401259161005 2226.11305652826422
2.62912286584831545 2228.6143071535771
2.63250303440306066 2231.11555777888952
2.63588460929469282 2233.6168084042024
2.63926755766755416 2236.11805902951482
2.6426518231563052 2238.6193096548277
2.64603746054551214 2241.12056028014013
2.64942450829006582 2243.621810905453
2.65281287494871076 2246.12306153076543
2.65620257625051748 2248.6243121560783
2.65959372756681844 2251.12556278139073
2.66298619957591054 2253.6268134067036
2.66637999303018747 2256.12806403201603
2.6697752251948379 2258.62931465732891
2.67317180668006538 2261.13056528264133
2.67656971136308997 2263.63181590795421
2.67996901071871862 2266.13306653326663
2.68336970575138345 2268.63431715857951
2.68677172571526324 2271.13556778389193
2.69017509353212958 2273.63681840920481
2.69357990612961906 2276.13806903451723
2.69698604537268682 2278.63931965983011
2.70039351199139022 2281.14057028514253
2.70380241700556345 2283.64182091045541
2.70721267947284527 2286.14307153576783
2.71062427100460246 2288.64432216108071
2.71403724742252317 2291.14557278639359
2.71745163700620784 2293.64682341170601
2.72086735732446661 2296.14807403701889
2.72428440909191272 2298.64932466233131
2.72770292681769089 2301.15057528764419
2.73112277974366524 2303.65182591295661
2.73454396576379732 2306.15307653826949
2.73796655760811181 2308.65432716358191
2.74139054691124384 2311.15557778889479
2.74481587093507828 2313.65682841420721
2.74824253793562923 2316.15807903952009
2.75167066733405141 2318.65932966483251
2.75510013306143353 2321.16058029014539
2.75853093581067954 2323.66183091545781
2.76196314937816378 2326.16308154077069
2.76539676045822302 2328.66433216608311
2.76883171014385088 2331.16558279139599
2.77226800127029938 2333.66683341670841
2.77570576130190716 2336.16808404202129
2.77914486150481332 2338.66933466733371
2.78258530255692671 2341.17058529264659
2.78602714363144077 2343.67183591795902
2.78947039788285567 2346.17308654327189
2.79291499452505354 2348.67433716858432
2.79636093422740872 2351.17558779389719
2.799808327131597 2353.67683841920962
2.8032570828282295 2356.17808904452249
2.80670718310266709 2358.67933966983492
2.81015865697037226 2361.18059029514779
2.81361157513714977 2363.68184092046022
2.81706583938190214 2366.1830915457731
2.82052145035930169 2368.68434217108552
2.82397847899002175 2371.1855927963984
2.82743691055526014 2373.68684342171082
2.83089669032978808 2376.1880940470237
2.83435781895991212 2378.68934467233657
2.83782040398219504 2381.190595297649
2.84128435583923933 2383.69184592296187
2.84474965800521717 2386.1930965482743
2.84821632689278781 2388.69434717358718
2.85168445407069093 2391.1955977988996
2.85515393299387643 2393.69684842421248
2.85862476429425971 2396.1980990495249
2.8620969920795698 2398.69934967483778
2.86557065093483754 2401.2006003001502
2.86904566358075197 2403.70185092546308
2.87252203064103284 2406.2031015507755
2.87599981871117594 2408.70435217608838
2.87947901581476851 2411.2056028014008
2.8829595687235039 2413.70685342671368
2.88644147805297102 2416.2081040520261
2.88992482770931236 2418.70935467733898
2.89340956951666017 2421.2106053026514
2.89689566911306429 2423.71185592796428
2.90038312710604895 2426.2131065532767
2.90387203956569095 2428.71435717858958
2.90736233241793407 2431.215607803902
2.91085398501285741 2433.71685842921488
2.91434699794998231 2436.2181090545273
2.91784147434719587 2438.71935967984018
2.92133732447242922 2441.2206103051526
2.92483453626396495 2443.72186093046548
2.92833311031338539 2446.2231115557779
2.93183315170101944 2448.72436218109078
2.93533456521552782 2451.22561280640321
2.93883734229024851 2453.72686343171608
2.94234148350888791 2456.22811405702851
2.94584709085975804 2458.72936468234138
2.94935407376924807 2461.23061530765381
2.95286242210343586 2463.73186593296668
2.95637213643822028 2466.23311655827911
2.95988331064646992 2468.73436718359198
2.96339586884729389 2471.23561780890486
2.96690979430816659 2473.73686843421729
2.97042508759724466 2476.23811905953016
2.97394182947969465 2478.73936968484259
2.97745996876006824 2481.24062031015546
2.98097947710699618 2483.74187093546789
2.98450035508095857 2486.24312156078076
2.98802266537842653 2488.74437218609319
2.99154639141964385 2491.24562281140607
2.99507148830536485 2493.74687343671849
2.99859795658845663 2496.24812406203137
3.0021258359670564 2498.74937468734379
3.00565515434469299 2501.25062531265667
3.00918584531651101 2503.75187593796909
3.01271790942783424 2506.25312656328197
3.01625135848025483 2508.75437718859439
3.01978627466536809 2511.25562781390727
3.02332256516635844 2513.75687843921969
3.02686023052107078 2516.25812906453257
3.03039927126535646 2518.75937968984499
3.03393976912815377 2521.26063031515787
3.03748166449834622 2523.76188094047029
3.04102493640885108 2526.26313156578317
3.04456958538812072 2528.76438219109559
3.04811565410066398 2531.26563281640847
3.05166315957823064 2533.76688344172089
3.05521204325535267 2536.26813406703377
3.05876230565315499 2538.76938469234619
3.06231394729080497 2541.27063531765907
3.06586706629882411 2543.77188594297149
3.06942156685298961 2546.27313656828437
3.07297744775275694 2548.77438719359679
3.07653470951004682 2551.27563781890967
3.0800934001847069 2553.7768884442221
3.08365352262710291 2556.27813906953497
3.08721502701331563 2558.7793896948474
3.0907779138480822 2561.28064032016027
3.09434218363421509 2563.78189094547315
3.09790792564062079 2566.28314157078557
3.10147505839995707 2568.78439219609845
3.10504357517252005 2571.28564282141087
3.10861347645402386 2573.78689344672375
3.11218479059865683 2576.28814407203618
3.11575755652114594 2578.78939469734905
3.11933170799545234 2581.29064532266148
3.12290724551026333 2583.79189594797435
3.1264841695523673 2586.29314657328678
3.13006253563323211 2588.79439719859965
3.13364232647799579 2591.29564782391208
3.13722350486909018 2593.79689844922495
3.14080607128635858 2596.29814907453738
3.14439002620777508 2598.79939969985026
3.14797544443478738 2601.30065032516268
3.15156226825131291 2603.80190095047556
3.15515048156750266 2606.30315157578798
3.15874008485446511 2608.80440220110086
3.1623310785814529 2611.30565282641328
3.1659235490368296 2613.80690345172616
3.16951741368325735 2616.30815407703858
3.17311266974203532 2618.80940470235146
3.17670931767563269 2621.31065532766388
3.18030736026902483 2623.81190595297676
3.18390688058567184 2626.31315657828918
3.18750779373147441 2628.81440720360206
3.19111010016218355 2631.31565782891448
3.19471380033173746 2633.81690845422736
3.19831889489573262 2636.31815907953978
3.20192546935379818 2638.81940970485266
3.20553343848242367 2641.32066033016508
3.20914280272891261 2643.82191095547796
3.21275356253876643 2646.32316158079038
3.21636571835569285 2648.82441220610326
3.21997934475306957 2651.32566283141568
3.22359437716458475 2653.82691345672856
3.22721080648783243 2656.32816408204144
3.23082863315998248 2658.82941470735386
3.23444785761643328 2661.33066533266674
3.23806853534781913 2663.83191595797916
3.24169063816150915 2666.33316658329204
3.24531413964223425 2668.83441720860446
3.24893904021893665 2671.33566783391734
3.25256534031879774 2673.83691845922976
3.25619306886778404 2676.33816908454264
3.25982224902475037 2678.83941970985506
3.2634528295660008 2681.34067033516794
3.26708481091234448 2683.84192096048037
3.27071819348285731 2686.34317158579324
3.27435297769487654 2688.84442221110567
3.27798923648664253 2691.34567283641854
3.28162690281634983 2693.84692346173097
3.28526597162282696 2696.34817408704384
3.28890644331713533 2698.84942471235627
3.29254831830862882 2701.35067533766914
3.29619162647293917 2703.85192596298157
3.29983638514646316 2706.35317658829445
3.30348254793149287 2708.85442721360687
3.30713011523118405 2711.35567783891975
3.31077908744699556 2713.85692846423217
3.31442946497869873 2716.35817908954505
3.31808130151794556 2718.85942971485747
3.32173456463039374 2721.36068034017035
3.32538923384799512 2723.86193096548277
3.32904530956441969 2726.36318159079565
3.33270279217166454 2728.86443221610807
3.33636168206006456 2731.36568284142095
3.34002204573481176 2733.86693346673337
3.34368382301627909 2736.36818409204625
3.34734700834353038 2738.86943471735867
3.35101160210089688 2741.37068534267155
3.35467760467105602 2743.87193596798397
3.35834501643504213 2746.37318659329685
3.36201390582258863 2748.87443721860973
3.3656842067072601 2751.37568784392215
3.36935591752619024 2753.87693846923503
3.37302903865450343 2756.37818909454745
3.37670357046570135 2758.87943971986033
3.38037951333166209 2761.38069034517275
3.38405692683078074 2763.88194097048563
3.38773576046200553 2766.38319159579805
3.3914160058646452 2768.88444222111093
3.39509766340476249 2771.38569284642335
3.39878073344681964 2773.88694347173623
3.40246521635368193 2776.38819409704865
3.40615115218924958 2778.88944472236153
3.4098385274245544 2781.39069534767395
3.41352731621794936 2783.89194597298683
3.41721751892657588 2786.39319659829926
3.42090913590600065 2788.89444722361213
3.42460216751020852 2791.39569784892456
3.42829662373773125 2793.89694847423743
3.43199254915376972 2796.39819909954986
3.43568988986492796 2798.89944972486273
3.43938864621956197 2801.40070035017516
3.44308881856447657 2803.90195097548803
3.44679040724492269 2806.40320160080046
3.45049341260460407 2808.90445222611334
3.45419786565240772 2811.40570285142576
3.45790376653318754 2813.90695347673864
3.46161108473699741 2816.40820410205106
3.46531982060202015 2818.90945472736394
3.46902997446490424 2821.41070535267636
3.47274154666077717 2823.91195597798924
3.47645453752324407 2826.41320660330166
3.48016898442771616 2828.91445722861454
3.48388487241436806 2831.41570785392696
3.48760217968542063 2833.91695847923984
3.49132090656906202 2836.41820910455272
3.49504105339197357 2838.91945972986514
3.4987626204793445 2841.42071035517802
3.50248560815486432 2843.92196098049044
3.50621004569750205 2846.42321160580332
3.50993593199656795 2848.92446223111574
3.51366323947614223 2851.42571285642862
3.51739196845459956 2853.92696348174104
3.52112211924884555 2856.42821410705392
3.52485369217430566 2858.92946473236634
3.52858668754494298 2861.43071535767922
3.53232111226011503 2863.93196598299164
3.53605700765234232 2866.43321660830452
3.53979432605718713 2868.93446723361694
3.54353306778339894 2871.43571785892982
3.54727323313827725 2873.93696848424224
3.55101482242767919 2876.43821910955512
3.55475783595601236 2878.93946973486754
3.55850227402625396 2881.44072036018042
3.56224815898752434 2883.94197098549284
3.56599549861851717 2886.44322161080572
3.5697442633307932 2888.94447223611814
3.57349445342223104 2891.44572286143102
3.57724606918928645 2893.94697348674345
3.58099911092700651 2896.44822411205632
3.58475357892901636 2898.94947473736875
3.58850947348753824 2901.45072536268162
3.59226681365090883 2903.95197598799405
3.59602561118145125 2906.45322661330692
3.59978583578049038 2908.95447723861935
3.60354748773526889 2911.45572786393222
3.60731056733163413 2913.95697848924465
3.61107507485404922 2916.45822911455753
3.61484101058559171 2918.95947973986995
3.61860837480796338 2921.46073036518283
3.62237716780148178 2923.96198099049525
3.6261474332683421 2926.46323161580813
3.62991913072560646 2928.964482241121
3.63369225743578861 2931.46573286643343
3.63746681367435976 2933.9669834917463
3.64124279971542908 2936.46823411705873
3.64502021583175573 2938.96948474237161
3.6487990622947426 2941.47073536768403
3.65257933937445101 2943.97198599299691
3.6563610482606812 2946.47323661830933
3.6601442309539638 2948.97448724362221
3.66392884471974245 2951.47573786893463
3.66771488982333294 2953.97698849424751
3.67150236652872275 2956.47823911955993
3.67529127509857068 2958.97948974487281
3.67908161579421522 2961.48074037018523
3.68287338887567639 2963.98199099549811
3.68666659460165347 2966.48324162081053
3.69046123322954367 2968.98449224612341
3.69425732737571932 2971.48574287143583
3.69805487299096924 2973.98699349674871
3.70185385193192484 2976.48824412206113
3.7056542644513728 2978.98949474737401
3.70945611080080262 2981.49074537268643
3.71325939123041637 2983.99199599799931
3.71706410598912518 2986.49324662331173
3.72087025532456073 2988.99449724862461
3.72467783948307352 2991.49574787393703
3.72848685870973195 2993.99699849924991
3.73229732829081629 2996.49824912456234
3.73610925569687291 2998.99949974987521
3.73992261856387254 3001.50075037518764
3.7437374171324147 3004.00200100050051
3.74755365164184084 3006.50325162581294
3.75137132233023429 3009.00450225112581
3.75519042943442738 3011.50575287643824
3.75901097319000321 3014.00700350175111
3.76283295383129701 3016.50825412706354
3.76665637159140454 3019.00950475237642
3.77048122670218211 3021.51075537768929
3.77430753314839462 3024.01200600300172
3.77813529758586508 3026.51325662831459
3.78196449973365345 3029.01450725362702
3.78579513981928706 3031.51575787893989
3.78962721806906844 3034.01700850425232
3.79346073470808687 3036.51825912956519
3.79729568996021127 3039.01950975487762
3.80113208404810221 3041.5207603801905
3.80496991719320921 3044.02201100550292
3.80880918961577786 3046.5232616308158
3.81264990153485028 3049.02451225612822
3.81649205316827311 3051.5257628814411
3.82033565378826934 3054.02701350675352
3.82418071579897179 3056.5282641320664
3.82802721784866895 3059.02951475737882
3.8318751601510308 3061.5307653826917
3.8357245429185447 3064.03201600800412
3.83957536636252206 3066.533266633317
3.84342763069309434 3069.03451725862942
3.84728133611922463 3071.5357678839423
3.85113648284870624 3074.03701850925472
3.85499307108816547 3076.5382691345676
3.85885110104306683 3079.03951975988002
3.86271057291771935 3081.5407703851929
3.86657148691527164 3084.04202101050532
3.87043384323772433 3086.5432716358182
3.87429765945432969 3089.04452226113062
3.87816292714092148 3091.5457728864435
3.88202963743763174 3094.04702351175592
3.8858977905424581 3096.5482741370688
3.88976738665226129 3099.04952476238122
3.89363842596277188 3101.5507753876941
3.89751090866858529 3104.05202601300653
3.90138483496317656 3106.5532766383194
3.90526020503889137 3109.05452726363183
3.9091370190869581 3111.5557778889447
3.91301527729748821 3114.05702851425758
3.91689497985947632 3116.55827913957
3.92077612696081257 3119.05952976488288
3.92465871878827288 3121.5607803901953
3.92854275552753585 3124.06203101550818
3.93242823736317204 3126.56328164082061
3.9363151794997906 3129.06453226613348
3.94020357349658568 3131.56578289144591
3.94409341283183146 3134.06703351675878
3.94798469768629001 3136.56828414207121
3.95187742823964161 3139.06953476738408
3.9557716046704825 3141.57078539269651
3.95966722715633246 3144.07203601800938
3.96356429587363213 3146.57328664332181
3.967462810997747 3149.07453726863469
3.97136277270297722 3151.57578789394711
3.97526418116255442 3154.07703851925999
3.97916703654864357 3156.57828914457241
3.983071339032354 3159.07953976988529
3.98697708878373192 3161.58079039519771
3.99088428597177369 3164.08204102051059
3.99479293076442055 3166.58329164582301
3.99870302332856875 3169.08454227113589
4.00261456383006742 3171.58579289644831
4.00652755243372294 3174.08704352176119
4.01044198930330431 3176.58829414707361
4.01435788283246175 3179.08954477238649
4.01827523239894724 3181.59079539769891
4.02219403042220502 3184.09204602301179
4.02611427706242875 3186.59329664832421
4.03003597247877732 3189.09454727363709
4.03395911682939889 3191.59579789894951
4.03788371027141846 3194.09704852426239
4.04180975296094225 3196.59829914957481
4.0457372450530702 3199.09954977488769
4.04966618670188794 3201.60080040020057
4.05359657806047302 3204.10205102551299
4.05752841928090646 3206.60330165082587
4.06146171051425942 3209.10455227613829
4.06539645191061627 3211.60580290145117
4.069332643619056 3214.10705352676359
4.07327028578767081 3216.60830415207647
4.07720937856356525 3219.10955477738889
4.08114992209285354 3221.61080540270177
4.08509191652067294 3224.11205602801419
4.08903536199117745 3226.61330665332707
4.09298025864754145 3229.1145572786395
4.09692660663197117 3231.61580790395237
4.10087440608569231 3234.1170585292648
4.10482365714897668 3236.61830915457767
4.10877435996111373 3239.1195597798901
4.11272651466044259 3241.62081040520297
4.11668012138433692 3244.1220610305154
4.12063518026921649 3246.62331165582827
4.12459169145054538 3249.1245622811407
4.12854965506283644 3251.62581290645358
4.13250907123965661 3254.127063531766
4.13646994011362246 3256.62831415707888
4.14043226181641444 3259.1295647823913
4.14439603988186711 3261.63081540770418
4.1483612741304503 3264.1320660330166
4.15232796132034654 3266.63331665832948
4.15629610158001306 3269.1345672836419
4.16026569503697186 3271.63581790895478
4.16423674181782655 3274.1370685342672
4.16820924204825083 3276.63831915958008
4.17218319585299824 3279.1395697848925
4.17615860335590749 3281.64082041020538
4.18013546467989627 3284.1420710355178
4.18411377994697542 3286.64332166083068
4.18809354927824096 3289.1445722861431
4.19207477279388563 3291.64582291145598
4.19605745061319624 3294.14707353676886
4.20004158285455631 3296.64832416208128
4.2040271696354532 3299.14957478739416
4.2080142110724772 3301.65082541270658
4.21200270728132331 3304.15207603801946
4.21599265837679837 3306.65332666333188
4.21998406447281837 3309.15457728864476
4.22397692568241823 3311.65582791395718
4.22797124211774467 3314.15707853927006
4.2319670138900678 3316.65832916458248
4.23596424110978109 3319.15957978989536
4.23996292388639784 3321.66083041520778
4.24396306232856801 3324.16208104052066
4.24796465654406408 3326.66333166583308
4.25196770663979606 3329.16458229114596
4.2559722127218107 3331.66583291645838
4.25997817489529051 3334.16708354177126
4.26398559326455828 3336.66833416708369
4.26799446793308679 3339.16958479239656
4.27200479900348462 3341.67083541770899
4.27601658657752282 3344.17208604302186
4.28002983075611176 3346.67333666833429
4.28404453163932519 3349.17458729364716
4.28806068932638507 3351.67583791895959
4.29207830391568113 3354.17708854427246
4.29609737550475845 3356.67833916958489
4.30011790419033169 3359.17958979489777
4.30413989006827702 3361.68084042021019
4.30816333323364731 3364.18209104552307
4.31218823378066052 3366.68334167083549
4.31621459180271483 3369.18459229614837
4.32024240739238063 3371.68584292146079
4.32427168064141298 3374.18709354677367
4.32830241164074536 3376.68834417208609
4.33233460048049945 3379.18959479739897
4.33636824724997894 3381.69084542271139
4.34040335203768546 3384.19209604802427
4.34443991591062595 3386.69334667333715
4.34847794372571439 3389.19459729864957
4.35251743007164826 3391.69584792396245
4.35655837503322729 3394.19709854927487
4.36060077869446516 3396.69834917458775
4.3646446411385682 3399.19959979990017
4.36868996244795937 3401.70085042521305
4.37273674270426849 3404.20210105052547
4.37678498198834109 3406.70335167583835
4.38083468038023405 3409.20460230115077
4.38488583795922082 3411.70585292646365
4.38893845480380307 3414.20710355177607
4.39299253099169729 3416.70835417708895
4.39704806659984637 3419.20960480240137
4.40110506170442406 3421.71085542771425
4.4051635163808287 3424.21210605302667
4.40922343070369571 3426.71335667833955
4.41328480474688956 3429.21460730365197
4.41734763858351709 3431.71585792896485
4.42141193228591955 3434.21710855427727
4.42547768592568502 3436.71835917959015
4.42954489957364039 3439.21960980490257
4.43361357329986117 3441.72086043021545
4.43768370717367056 3444.22211105552788
4.44175530126364304 3446.72336168084075
4.44582835563760792 3449.22461230615318
4.44990287036264931 3451.72586293146605
4.45397884550510703 3454.22711355677848
4.45805628113058461 3456.72836418209135
4.46213517730394393 3459.22961480740378
4.46621553408931593 3461.73086543271666
4.47029735155009522 3464.23211605802908
4.47438062974894901 3466.73336668334196
4.47846537181748783 3469.23461730865438
4.48255158669558984 3471.73586793396726
4.48663926273180724 3474.23711855927968
4.49072839998545881 3476.73836918459256
4.49481899851514299 3479.23961980990543
4.49891105837874239 3481.74087043521786
4.5030045796334246 3484.24212106053074
4.5070995623356449 3486.74337168584316
4.51119600654115516 3489.24462231115604
4.51529391230498955 3491.74587293646846
4.51939327968148596 3494.24712356178134
4.52349410872427526 3496.74837418709376
4.52759639948629022 3499.24962481240664
4.53170015201976017 3501.75087543771906
4.53580536637622433 3504.25212606303194
4.53991204260652381 3506.75337668834436
4.54402018076080871 3509.25462731365724
4.54812978088853814 3511.75587793896966
4.55224084303848819 3514.25712856428254
4.55635336725874307 3516.75837918959496
4.56046735555186 3519.25962981490784
4.56458282393232473 3521.76088044022026
4.56869975475059853 3524.26213106553314
4.57281814805161613 3526.76338169084556
4.57693800387963901 3529.26463231615844
4.58105932227825718 3531.76588294147086
4.58518210329039011 3534.26713356678374
4.58930634695828843 3536.76838419209616
4.59343205332354287 3539.26963481740904
4.59755922242707271 3541.77088544272146
4.60168785430914351 3544.27213606803434
4.60581794900935204 3546.77338669334677
4.60994950656665026 3549.27463731865964
4.61408252701932398 3551.77588794397207
4.61821701040501331 3554.27713856928494
4.62235295676070024 3556.77838919459737
4.62649037086582826 3559.27963981991024
4.63062926694579247 3561.78089044522267
4.63476962632309952 3564.28214107053554
4.63891144903173291 3566.78339169584797
4.6430547351050393 3569.28464232116085
4.64719948457572496 3571.78589294647372
4.65134569747585935 3574.28714357178615
4.65549337383688222 3576.78839419709902
4.65964251368959737 3579.28964482241145
4.66379311706417887 3581.79089544772432
4.66794518399017555 3584.29214607303675
4.67209871449650915 3586.79339669834962
4.67625370861147438 3589.29464732366205
4.68041016636275042 3591.79589794897493
4.68456810467245255 3594.29714857428735
4.68872751670691823 3596.79839919960023
4.69288839267123681 3599.29964982491265
4.69705073259021688 3601.80090045022553
4.70121453648804444 3604.30215107553795
4.70537980438829972 3606.80340170085083
4.70954653631395459 3609.30465232616325
4.71371473228737514 3611.80590295147613
4.7178843923303253 3614.30715357678855
4.72205551646396771 3616.80840420210143
4.72622810470886101 3619.30965482741385
4.73040215708497147 3621.81090545272673
4.73457769114701854 3624.31215607803915
4.73875470152219602 3626.81340670335203
4.74293317629406985 3629.31465732866445
4.74711311547983517 3631.81590795397733
4.75129451909609912 3634.31715857928975
4.7554773871588818 3636.81840920460263
4.75966171968362151 3639.31965982991505
4.76384751668517037 3641.82091045522793
4.76803477817780141 3644.32216108054035
4.77222350417521746 3646.82341170585323
4.77641369469053068 3649.32466233116565
4.78060537100175065 3651.82591295647853
4.78479852275018036 3654.32716358179096
4.78899313925701886 3656.82841420710383
4.7931892205327129 3659.32966483241671
4.79738676658713814 3661.83091545772913
4.80158577742960535 3664.33216608304201
4.80578625306886664 3666.83341670835443
4.80998819351311013 3669.33466733366731
4.81419159876996172 3671.83591795897973
4.81839646884649397 3674.33716858429261
4.82260282375762639 3676.83841920960504
4.82681065788080677 3679.33966983491791
4.83101995704205667 3681.84092046023034
4.8352307212458614 3684.34217108554321
4.8394429504961467 3686.84342171085564
4.84365664479629832 3689.34467233616851
4.84787180414915486 3691.84592296148094
4.85208842855701317 3694.34717358679382
4.85630651802163182 3696.84842421210624
4.86052607914827028 3699.34967483741912
4.86474713510591528 3701.85092546273154
4.86896965631923351 3704.35217608804442
4.87319364278746203 3706.85342671335684
4.877419094509305 3709.35467733866972
4.88164601148293986 3711.85592796398214
4.88587439370601118 3714.35717858929502
4.89010424117563858 3716.85842921460744
4.89433555388841857 3719.35967983992032
4.89856834471522706 3721.86093046523274
4.9028026262317983 3724.36218109054562
4.90703837317148484 3726.86343171585804
4.91127558552843979 3729.36468234117092
4.91551426329628782 3731.86593296648334
4.91975440646814999 3734.36718359179622
4.92399601503663309 3736.86843421710864
4.92823908899382879 3739.36968484242152
4.9324836283313207 3741.87093546773394
4.93672967152898057 3744.37218609304682
4.94097718184889256 3746.87343671835924
4.94522615771063556 3749.37468734367212
4.94947659910341198 3751.875937968985
4.95372850601593218 3754.37718859429742
4.95798187843639937 3756.8784392196103
4.96223671635252472 3759.37968984492272
4.96649301975152646 3761.8809404702356
4.97075082979188831 3764.38219109554802
4.97501010606451199 3766.8834417208609
4.97927084796543173 3769.38469234617332
4.98353305547954406 3771.8859429714862
4.98779672859125878 3774.38719359679862
4.99206186728450252 3776.8884442221115
4.99632847154271431 3779.38969484742393
5.00059655693474525 3781.8909454727368
5.00486613570809435 3784.39219609804923
5.00913718017790455 3786.8934467233621
5.01340969032534822 3789.39469734867453
5.01768366613112615 3791.8959479739874
5.02195910757546571 3794.39719859929983
5.02623601463811731 3796.8984492246127
5.03051438912133619 3799.39969984992513
5.03479427226301013 3801.90095047523801
5.03907562114085383 3804.40220110055043
5.04335843573240972 3806.90345172586331
5.04764271601475212 3809.40470235117573
5.05192846196449352 3811.90595297648861
5.056215673557789 3814.40720360180103
5.06050435077033089 3816.90845422711391
5.06479453965836068 3819.40970485242633
5.06908619456656062 3821.91095547773921
5.07337931519681717 3824.41220610305163
5.07767390152266707 3826.91345672836451
5.08196995351719139 3829.41470735367693
5.08626747115302713 3831.91595797898981
5.090566463550112 3834.41720860430223
5.09486696016607521 3836.91845922961511
5.09916892251481002 3839.41970985492753
5.10347235056683779 3841.92096048024041
5.10777724429223401 3844.42221110555329
5.11208360366063896 3846.92346173086571
5.11639142864124885 3849.42471235617859
5.12070074913454931 3851.92596298149101
5.12501155443555767 3854.42721360680389
5.1293238254274609 3856.92846423211631
5.13363756207739019 3859.42971485742919
5.13795276435204329 3861.93096548274161
5.14226943221769339 3864.43221610805449
5.14658757716323123 3866.93346673336691
5.15090722651606736 3869.43471735867979
5.15522834152768983 3871.93596798399221
5.1595509221623459 3874.43721860930509
5.16387496838385296 3876.93846923461751
5.16820048015561362 3879.43971985993039
5.17252745904727718 3881.94097048524281
5.17685595341975002 3884.44222111055569
5.18118591339957124 3886.94347173586812
5.18551733894815925 3889.44472236118099
5.18985023002651413 3891.94597298649342
5.19418458659522386 3894.44722361180629
5.19852040870176246 3896.94847423711872
5.2028577489323764 3899.44972486243159
5.20719655469994613 3901.95097548774402
5.21153682596312073 3904.45222611305689
5.2158785626801345 3906.95347673836932
5.22022176480882028 3909.4547273636822
5.22456643917741115 3911.95597798899462
5.2289126259777774 3914.4572286143075
5.23326027822611906 3916.95847923961992
5.23760939587836827 3919.4597298649328
5.24195997889005216 3921.96098049024522
5.2463120272163053 3924.4622311155581
5.25066556267607698 3926.96348174087052
5.25502059663326904 3929.4647323661834
5.25937709593123337 3931.96598299149582
5.26373506052323226 3934.4672336168087
5.26809449036214872 3936.96848424212158
5.27245538540046521 3939.469734867434
5.27681779056595346 3941.97098549274688
5.28118167214483591 3944.4722361180593
5.2855470189394147 3946.97348674337218
5.28991383090034084 3949.4747373686846
5.294282107977895 3951.97598799399748
5.29865186897562257 3954.4772386193099
5.30302313339652986 3956.97848924462278
5.30739586294204635 3959.4797398699352
5.31177005756064968 3961.98099049524808
5.3161457172004436 3964.4822411205605
5.32052284180916324 3966.98349174587338
5.32490148814123998 3969.4847423711858
5.32928160091331193 3971.98599299649868
5.33366317865271444 3974.4872436218111
5.33804622130541784 3976.98849424712398
5.34243072881702208 3979.4897448724364
5.34681674441775012 3981.99099549774928
5.35120424082036816 3984.4922461230617
5.35559320207227696 3986.99349674837458
5.35998362811734097 3989.49474737368701
5.36437551889907027 3991.99599799899988
5.36876890985485478 3994.49724862431231
5.37316379022150326 3996.99849924962518
5.37756013530731192 3999.49974987493761
5.38195794505423297 4002.00100050025048
5.38635721940341838 4004.50225112556291
5.39075799167760206 4007.00350175087578
5.39516025627235418 4009.50475237618821
5.39956398544424943 4012.00600300150109
5.40396917913305774 4014.50725362681351
5.4083758372782107 4017.00850425212639
5.41278399671269739 4019.50975487743881
5.41719364573129614 4022.01100550275169
5.42160475917332363 4024.51225612806411
5.42601733697656119 4027.01350675337699
5.43043137907844198 4029.51475737868986
5.43484693139531672 4032.01600800400229
5.43926396496624243 4034.51725862931517
5.44368246279538059 4037.01850925462759
5.44810242481854967 4039.51975987994047
5.45252385097123504 4042.02101050525289
5.45694680177434144 4044.52226113056577
5.46137121995985897 4047.02351175587819
5.46579710222705728 4049.52476238119107
5.47022444850982925 4052.02601300650349
5.47465327468277607 4054.52726363181637
5.47908361351826656 4057.02851425712879
5.48351541631546091 4059.52976488244167
5.48794868300667371 4062.03101550775409
5.49238341352391224 4064.53226613306697
5.49681964834403303 4067.03351675837939
5.50125737192086461 4069.53476738369227
5.50569655926265611 4072.03601800900469
5.51013721029986669 4074.53726863431757
5.51457932913779381 4077.03851925962999
5.51902297370803829 4079.53976988494287
5.52346808190677496 4082.04102051025529
5.52791465366293799 4084.54227113556817
5.5323626889051507 4087.04352176088059
5.5368122261714392 4089.54477238619347
5.54126325539816111 4092.04602301150589
5.54571574803702738 4094.54727363681877
5.55016970401516385 4097.04852426213165
5.55462513363721389 4099.54977488744407
5.55908208402807702 4102.0510255127565
5.56354049767860825 4104.55227613806892
5.56800037451446261 4107.05352676338225
5.57246171446098604 4109.55477738869467
5.57692457192188851 4112.0560280140071
5.58138890667869791 4114.55727863931952
5.58585470445979926 4117.05852926463285
5.5903219651890943 4119.55977988994528
5.59479072304102942 4122.0610305152577
5.59926097896479824 4124.56228114057103
5.60373269774484584 4127.06353176588345
5.60820587930364844 4129.56478239119588
5.61268054118491211 4132.0660330165083
5.6171567183028257 4134.56728364182163
5.62163435810211176 4137.06853426713405
5.62611346050384409 4139.56978489244648
5.63059402999287162 4142.0710355177589
5.63507612829902271 4144.57228614307223
5.63955968910484717 4147.07353676838466
5.64404471233002525 4149.57478739369708
5.64853119789395475 4152.0760380190095
5.65301921240183258 4154.57728864432283
5.65750869416891433 4157.07853926963526
5.6619996381655735 4159.57978989494768
5.6664920443098401 4162.0810405202601
5.67098597390376913 4164.58229114557344
5.67548137655465723 4167.08354177088586
5.67997824123874473 4169.58479239619828
5.68447656787271871 4172.0860430215107
5.68897641594325076 4174.58729364682404
5.6934777393687277 4177.08854427213646
5.69798052462451299 4179.58979489744888
5.70248477162597212 4182.09104552276131
5.70699054150643104 4184.59229614807464
5.71149778556590526 4187.09354677338706
5.71600649124637616 4189.59479739869948
5.72051665846190183 4192.09604802401191
5.72502835342899186 4194.59729864932524
5.72954151795089661 4197.09854927463766
5.73405614387814744 4199.59979989995009
5.73857223112351456 4202.10105052526251
5.74308985439792252 4204.60230115057584
5.74760893918010485 4207.10355177588826
5.75212948514572897 4209.60480240120069
5.75665150318804653 4212.10605302651402
5.76117504695328009 4214.60730365182644
5.76570005176338274 4217.10855427713886
5.7702265175288554 4219.60980490245129
5.77475446972604001 4222.11105552776462
5.77928393348993641 4224.61230615307704
5.78381485806578155 4227.11355677838947
5.78834724336283379 4229.61480740370189
5.7928811327823313 4232.11605802901522
5.79741651625928789 4234.61730865432764
5.80195336030924302 4237.11855927964007
5.80649166484024626 4239.61980990495249
5.81103149449571088 4242.12106053026582
5.81557279737095811 4244.62231115557825
5.82011556057432244 4247.12356178089067
5.82465979510597354 4249.62481240620309
5.82920555686449582 4252.12606303151642
5.83375277879448362 4254.62731365682885
5.83830146080184065 4257.12856428214127
5.84285164105158472 4259.62981490745369
5.84740332174822353 4262.13106553276702
5.85195646236097122 4264.63231615807945
5.85651106279455558 4267.13356678339187
5.86106719162885614 4269.63481740870429
5.86562479086928157 4272.13606803401763
5.87018384976473584 4274.63731865933005
5.87474439057599263 4277.13856928464247
5.87930644845244732 4279.63981990995489
5.88386996581454191 4282.14107053526823
5.88843494256493738 4284.64232116058065
5.89300143718303637 4287.14357178589307
5.89756941300276516 4289.6448224112055
5.90213884803696587 4292.14607303651883
5.90670975908096452 4294.64732366183125
5.91128219333568605 4297.14857428714367
5.91585608662754581 4299.64982491245701
5.92043143885719925 4302.15107553776943
5.92500830876752627 4304.65232616308185
5.92958666027742343 4307.15357678839428
5.93416647054344004 4309.65482741370761
5.93874776120090075 4312.15607803902003
5.94333057087586258 4314.65732866433245
5.94791483912185193 4317.15857928964488
5.95250056583757647 4319.65982991495821
5.95708782026109152 4322.16108054027063
5.9616765464174728 4324.66233116558305
5.96626673085425985 4327.16358179089548
5.97085841022076647 4329.66483241620881
5.97545159420488758 4332.16608304152123
5.98004623627674547 4334.66733366683366
5.98464234249237848 4337.16858429214608
5.98923998420864656 4339.66983491745941
5.99383908381667752 4342.17108554277183
5.99843964121243634 4344.67233616808426
6.003041718103721 4347.17358679339668
6.00764527513623747 4349.67483741871001
6.01225028975641518 4352.17608804402244
6.0168567975159295 4354.67733866933486
6.02146481184857052 4357.17858929464728
6.02607428356558206 4359.67983991996061
6.03068522402236074 4362.18109054527304
6.03529769551821715 4364.68234117058546
6.03991162419195771 4367.18359179589788
6.04452700993690684 4369.68484242121121
6.04914392766153775 4372.18609304652364
6.05376231313950353 4374.68734367183606
6.05838215547823733 4377.18859429714848
6.06300350974712554 4379.68984492246182
6.06762635186453458 4382.19109554777424
6.07225065062914915 4384.69234617308666
6.07687644319622677 4387.19359679839908
6.08150374177613084 4389.69484742371242
6.08613249678659152 4392.19609804902484
6.0907627293831661 4394.69734867433726
6.09539448423656083 4397.1985992996506
6.10002769530080613 4399.69984992496302
6.10466236963572939 4402.20110055027544
6.10929858056167951 4404.70235117558786
6.11393624747575082 4407.2036018009012
6.11857537026720522 4409.70485242621362
6.12321603202134224 4412.20610305152604
6.12785815456947613 4414.70735367683847
6.13250173276852983 4417.2086043021518
6.13714683983979548 4419.70985492746422
6.1417934177945579 4422.21110555277664
6.14644145117081298 4424.71235617808907
6.15109100519608809 4427.2136068034024
6.15574203831846667 4429.71485742871482
6.16039452662998865 4432.21610805402725
6.16504852922445679 4434.71735867933967
6.1697040172639781 4437.218609304653
6.17436096025740344 4439.71985992996542
6.17901941301472224 4442.22111055527785
6.18367935570955574 4444.72236118059027
6.18834075312019571 4447.2236118059036
6.19300365761267013 4449.72486243121602
6.19766805468974891 4452.22611305652845
6.2023339062416909 4454.72736368184087
6.20700126402044905 4457.2286143071542
6.2116701151955569 4459.72986493246663
6.2163404206017896 4462.23111555777905
6.22101223319693641 4464.73236618309147
6.2256855381748295 4467.2336168084048
6.23036029713733441 4469.73486743371723
6.23503656605813372 4472.23611805902965
6.23971432453263297 4474.73736868434207
6.24439353674248565 4477.23861930965541
6.24907426347752626 4479.73986993496783
6.25375647513162924 4482.24112056028025
6.25844014026911122 4484.74237118559358
6.26312532628645968 4487.24362181090601
6.26781199079244633 4489.74487243621843
6.27250010852713924 4492.24612306153085
6.27718975527451573 4494.74737368684418
6.28188087229403802 4497.24862431215661
6.28657344228494264 4499.74987493746903
6.29126755118986392 4502.25112556278145
6.29596312037406047 4504.75237618809479
6.30066014631934568 4507.25362681340721
6.30535871473964438 4509.75487743871963
6.31005873572922393 4512.25612806403205
6.31476022646971735 4514.75737868934539
6.31946324659030356 4517.25862931465781
6.32416771901566399 4519.75987993997023
6.32887367592435979 4522.26113056528266
6.33358114736796818 4524.76238119059599
6.3382900708492782 4527.26363181590841
6.34300049527958087 4529.76488244122083
6.34771241765878358 4532.26613306653326
6.3524257918060929 4534.76738369184659
6.35714068509195851 4537.26863431715901
6.36185705800928147 4539.76988494247144
6.36657488242260605 4542.27113556778386
6.37129424587870918 4544.77238619309719
6.37601506892671299 4547.27363681840961
6.38073735642497919 4549.77488744372204
6.38546117811800862 4552.27613806903446
6.39018645087939952 4554.77738869434779
6.39491321099115329 4557.27863931966021
6.39964148224936302 4559.77988994497264
6.40437120429706397 4562.28114057028506
6.40910243828487225 4564.78239119559839
6.41383515867392351 4567.28364182091082
6.41856932957118964 4569.78489244622324
6.42330503867888591 4572.28614307153566
6.42804220775482982 4574.78739369684899
6.43278084526351268 4577.28864432216142
6.43752101250818143 4579.78989494747384
6.44226262981754871 4582.29114557278717
6.44700574476732235 4584.7923961980996
6.45175036007030123 4587.29364682341202
6.45649642515019817 4589.79489744872444
6.46124401873431076 4592.29614807403777
6.46599308162568587 4594.7973986993502
6.47074360671896187 4597.29864932466262
6.47549566739740179 4599.79989994997504
6.48024917739798401 4602.30115057528837
6.48500418335959239 4604.8024012006008
6.4897606909529717 4607.30365182591322
6.49451864757439079 4609.80490245122564
6.49927813554806377 4612.30615307653898
6.50403908956116705 4614.8074037018514
6.50880151205138358 4617.30865432716382
6.51356546341764275 4619.80990495247624
6.51833086334622269 4622.31115557778958
6.52309776999712909 4624.812406203102
6.52786616706591527 4627.31365682841442
6.53263601239677705 4629.81490745372685
6.53740740430365275 4632.31615807904018
6.54218024655509645 4634.8174087043526
6.54695457588718188 4637.31865932966502
6.55173041500690179 4639.81990995497745
6.55650770191233967 4642.32116058029078
6.56128651856545275 4644.8224112056032
6.56606680210800064 4647.32366183091563
6.57084855803328249 4649.82491245622805
6.57563183815204688 4652.32616308154138
6.58041656557353249 4654.8274137068538
6.58520281083271897 4657.32866433216623
6.58999053458788797 4659.82991495747865
6.59477972092768905 4662.33116558279198
6.59957044094718359 4664.83241620810441
6.60436260777990736 4667.33366683341683
6.60915628541498901 4669.83491745873016
6.61395144825832215 4672.33616808404258
6.61874806874444399 4674.83741870935501
6.62354622752069044 4677.33866933466743
6.62834583261428101 4679.83991995998076
6.63314694630625556 4682.34117058529318
6.63794954706803875 4684.84242121060561
6.64275360534395531 4687.34367183591803
6.64755920168802739 4689.84492246123136
6.65236624384727016 4692.34617308654379
6.65717479718948457 4694.84742371185621
6.66198483465545976 4697.34867433716863
6.6667963342774863 4699.84992496248196
6.67160936695620688 4702.35117558779439
6.67642384494176344 4704.85242621310681
6.68123984144106053 4707.35367683841923
6.68605731435314787 4709.85492746373257
6.69087625879156445 4712.35617808904499
6.69569672652822234 4714.85742871435741
6.70051863905732858 4717.35867933966983
6.70534208213519545 4719.85992996498317
6.71016698919216115 4722.36118059029559
6.71499338183237526 4724.86243121560801
6.71982128330740736 4727.36368184092044
6.72465062905455468 4729.86493246623377
6.72948152204823113 4732.36618309154619
6.73431386190639891 4734.86743371685861
6.73914770605003532 4737.36868434217104
6.74398303990171577 4739.86993496748437
6.74881983593853718 4742.37118559279679
6.75365816366293359 4744.87243621810921
6.75849793493684814 4747.37368684342164
6.76333923380286617 4749.87493746873497
6.76818199862796188 4752.37618809404739
6.77302625092475719 4754.87743871935982
6.77787200917268784 4757.37868934467315
6.78271921562234592 4759.87993996998557
6.78756796716154653 4762.38119059529799
6.79241816151599132 4764.88244122061042
6.79726987317562958 4767.38369184592375
6.8021230604856413 4769.88494247123617
6.80697772778663168 4772.3861930965486
6.81183390791325927 4774.88744372186102
6.81669153155692165 4777.38869434717435
6.82155070435807342 4779.88994497248677
6.82641131922880362 4782.3911955977992
6.83127345037004119 4784.89244622311162
6.83613705756573697 4787.39369684842495
6.84100214648993088 4789.89494747373737
6.84586874586126104 4792.3961980990498
6.8507367932493306 4794.89744872436222
6.85560638464389882 4797.39869934967555
6.86047741735128014 4799.89994997498798
6.86534997443308903 4802.4012006003004
6.87022399880060064 4804.90245122561282
6.8750995157392385 4807.40370185092615
6.87997653160740263 4809.90495247623858
6.88485500906377101 4812.406203101551
6.88973501627009632 4814.90745372686342
6.89461646402165851 4817.40870435217676
6.89949945327817993 4819.90995497748918
6.90438389199155544 4822.4112056028016
6.90926984311228765 4824.91245622811402
6.91415727261806712 4827.41370685342736
6.91904618624424472 4829.91495747873978
6.92393660637006381 4832.4162081040522
6.92882848313710475 4834.91745872936463
6.93372189370767966 4837.41870935467796
6.93861674383135885 4839.91995997999038
6.94351313508233936 4842.4212106053028
6.9484109752576364 4844.92246123061523
6.95331033093683715 4847.42371185592856
6.95821116098173142 4849.92496248124098
6.96311348170535727 4852.4262131065534
6.96801730143496378 4854.92746373186674
6.97292258781354057 4857.42871435717916
6.97782939704012239 4859.92996498249158
6.98273764967852006 4862.43121560780401
6.98764744821152028 4864.93246623311734
6.9925586850693211 4867.43371685842976
6.99747145535501769 4869.93496748374218
7.0023856811060794 4872.43621810905461
7.00730141886810287 4874.93746873436794
7.01221863331536355 4877.43871935968036
7.01713733913991256 4879.93996998499279
7.02205754208353827 4882.44122061030521
7.02697921655129409 4884.94247123561854
7.03190240778869935 4887.44372186093096
7.03682705147484544 4889.94497248624339
7.04175323080070914 4892.44622311155581
7.04668084719784549 4894.94747373686914
7.05161001148124811 4897.44872436218157
7.05654061553437728 4899.94997498749399
7.06147275018384857 4902.45122561280641
7.06640634168138337 4904.95247623811974
7.07134144725396929 4907.45372686343217
7.07627802598162958 4909.95497748874459
7.08121610302900351 4912.45622811405701
7.08615566876986147 4914.95747873937034
7.09109671783835704 4917.45872936468277
7.09603927037283455 4919.95997998999519
7.10098329200346967 4922.46123061530761
7.10592883110936313 4924.96248124062095
7.11087582583787192 4927.46373186593337
7.11582435129037272 4929.96498249124579
7.12077431964722685 4932.46623311655821
7.12572583121893199 4934.96748374187155
7.13067877789504401 4937.46873436718397
7.13563327119030433 4939.96998499249639
7.14058920352430437 4942.47123561780973
7.14554667149199574 4944.97248624312215
7.15050558925053359 4947.47373686843457
7.15546603240378509 4949.97498749374699
7.16042793535098099 4952.47623811906033
7.16539135419778006 4954.97748874437275
7.17035624209522737 4957.47873936968517
7.17532263713845531 4959.9799899949976
7.18029050974524541 4962.48124062031093
7.18525988148269512 4964.98249124562335
7.19023073855542982 4967.48374187093577
7.19520308747983695 4969.9849924962482
7.20017692877264182 4972.48624312156153
7.20515225537171577 4974.98749374687395
7.21012908063625613 4977.48874437218637
7.21510738539269614 4979.9899949974988
7.22008719437820634 4982.49124562281213
7.22506847776973338 4984.99249624812455
7.23005127022300709 4987.49374687343698
7.23503553272239674 4989.9949974987494
7.24002130838782865 4992.49624812406273
7.24500855046291736 4994.99749874937515
7.24999730908249873 4997.49874937468758
7.2549875311962353 5000
